12962947.648623832,4846001.529684495
12962904.234022422,4845955.121488343
12962904.234022422,4845955.121488343
12962867.498590458,4845917.414988331
12962867.498590458,4845917.414988331
12962810.725650156,4845856.504790126
12962784.008972365,4845824.599596998
12962788.461751997,4845762.239742148
12962791.801336722,4845712.932226586
12962776.21660801,4845644.772239715
12962745.04715059,4845611.417522642
12962694.953379732,4845560.660558994
12962649.312388506,4845525.85593354
12962358.768517535,4845367.786458031
12962330.938644838,4845356.185127533
12962242.996247113,4845324.281538394
12962093.828129448,4845295.27836429
12962061.545477118,4845296.728520986
12962042.621163681,4845325.731699316
12962030.376019694,4845337.332994317
12962021.470460434,4845338.78315714
12962021.470460434,4845338.78315714
12962021.470460434,4845340.23332018
12962021.470460434,4845340.23332018
12962021.470460434,4845340.23332018
12962021.470460434,4845340.23332018
12962021.470460434,4845340.23332018
12962021.470460434,4845340.23332018
12962021.470460434,4845340.23332018
12962021.470460434,4845340.23332018
12962020.357265523,4845340.23332018
12962020.357265523,4845340.23332018
12962020.357265523,4845340.23332018
12962020.357265523,4845340.23332018
12962020.357265523,4845340.23332018
12962020.357265523,4845340.23332018
12962020.357265523,4845338.78315714
12962020.357265523,4845338.78315714
12962020.357265523,4845338.78315714
12962020.357265523,4845338.78315714
12962012.564901168,4845335.8828317
12962001.43295209,4845324.281538394
12961986.961418286,4845299.628835016
12961960.244740495,4845290.927895466
12961885.660681663,4845290.927895466
12961838.906495532,4845292.378051528
12961769.888411239,4845298.178677897
12961720.90783529,4845288.027583973
12961637.418217195,4845277.876500401
12961575.079302352,4845277.876500401
12961461.533421744,4845273.526039179
12961379.156998554,4845274.97619271
12961255.592363775,4845276.426346447
12961165.423576232,4845274.97619271
12961027.38740765,4845272.075885864
12960933.879035382,4845266.27527471
12960796.956061706,4845257.574364317
12960704.560884347,4845251.773761613
12960704.560884347,4845251.773761613
12960470.78995368,4845232.921826183
12960324.961420743,4845222.77079882
12960227.000268845,4845214.069926461
12960084.51132063,4845202.468775152
12959993.229338178,4845193.7679205425
12959865.211923767,4845182.166792896
12959535.706231019,4845116.910701867
12959398.783257343,4845080.657502847
12959309.727664707,4845057.455524777
12959169.465106308,4845027.003010648
12959074.843539134,4845018.302309438
12958933.467785828,4845013.951961688
12958845.5253881,4845012.501846191
12958711.941999149,4845009.601615834
12958620.660016697,4845008.151500976
12958488.189822653,4845006.701386324
12958399.134230018,4845006.701386324
12958259.984866528,4845005.251271887
12958163.136909537,4845005.251271887
12958010.629207151,4845005.251271887
12957914.894445067,4845003.801157659
12957782.424251024,4845006.701386324
12957707.840192195,4845011.051730905
12957565.351243977,4845021.20254233
12957408.390761957,4845016.852193307
12957136.771204421,4845015.402077393
12956966.452383509,4845013.951961688
12956903.000273757,4845016.852193307
12956811.718291309,4845018.302309438
12956767.190494988,4845018.302309438
12956754.945351003,4845056.005402941
12956782.7752237,4845089.35825857
12956832.868994558,4845119.810963496
12956854.019697808,4845092.258512167
12956858.47247744,4845018.302309438
12956859.585672349,4844961.7479369845
12956861.812062163,4844887.792704054
12956855.132892717,4844847.190064752
12956865.151646888,4844780.48608834
12956871.830816334,4844732.633511087
12956872.944011243,4844663.030173059
12956872.944011243,4844626.7786272755
12956872.944011243,4844597.777485722
12956866.264841795,4844590.527213532
12956865.151646888,4844590.527213532
12956866.264841795,4844589.077159731
12956867.378036702,4844586.177052757
12956869.60442652,4844561.526177603
12956875.17040106,4844497.724196003
12956878.509985782,4844445.522878894
12956878.509985782,4844445.522878894
12956880.736375598,4844355.621252304
12956880.736375598,4844355.621252304
12956882.962765414,4844288.920570196
12956889.641934862,4844183.070405215
12956891.868324677,4844113.4709101375
12956895.207909402,4844011.972518827
12956900.77388394,4843946.724099503
12956904.113468664,4843858.276925036
12956907.45305339,4843797.379327317
12956913.019027928,4843707.483554447
12956913.019027928,4843642.237130971
12956915.245417746,4843550.892856559
12956917.471807562,4843492.8969268855
12956920.811392283,4843418.952606586
12956921.92458719,4843376.90608118
12956925.264171917,4843329.060251051
12956927.490561733,4843323.260772116
12956927.490561733,4843321.810902912
12956928.603756638,4843294.263428121
12956933.056536272,4843233.369280668
12956934.169731177,4843178.274896787
12956937.509315904,4843084.035210136
12956941.962095533,4843021.692523097
12956946.414875166,4842949.201517447
12956944.188485349,4842928.904130455
12956924.150977006,4842921.655073701
12956913.019027928,4842927.454318683
12956907.45305339,4842959.35022646
12956898.547494125,4843015.893223221
12956894.094714493,4843030.391479247
12956895.207909402,4843044.88975639
12956895.207909402,4843046.339585264
12956894.094714493,4843049.239243648
12956894.094714493,4843049.239243648
12956894.094714493,4843049.239243648
12956894.094714493,4843049.239243648
12956894.094714493,4843049.239243648
12956894.094714493,4843050.689073158
12956894.094714493,4843050.689073158
12956894.094714493,4843050.689073158
12956894.094714493,4843052.138902878
12956894.094714493,4843052.138902878
12956894.094714493,4843052.138902878
12956894.094714493,4843052.138902878
12956894.094714493,4843053.588732807
12956892.981519585,4843053.588732807
12956892.981519585,4843053.588732807
12956892.981519585,4843053.588732807
12956892.981519585,4843055.038562952
12956892.981519585,4843055.038562952
12956892.981519585,4843055.038562952
12956892.981519585,4843055.038562952
12956892.981519585,4843055.038562952
12956892.981519585,4843056.488393303
12956892.981519585,4843056.488393303
12956892.981519585,4843056.488393303
12956892.981519585,4843056.488393303
12956892.981519585,4843056.488393303
12956892.981519585,4843056.488393303
12956892.981519585,4843056.488393303
12956892.981519585,4843056.488393303
12956892.981519585,4843056.488393303
12956892.981519585,4843056.488393303
12956892.981519585,4843056.488393303
12956892.981519585,4843056.488393303
12956892.981519585,4843056.488393303
12956892.981519585,4843056.488393303
12956892.981519585,4843056.488393303
12956892.981519585,4843056.488393303
12956892.981519585,4843056.488393303
12956892.981519585,4843056.488393303
12956892.981519585,4843056.488393303
12956892.981519585,4843056.488393303
12956892.981519585,4843056.488393303
12956892.981519585,4843056.488393303
12956892.981519585,4843056.488393303
12956892.981519585,4843056.488393303
12956892.981519585,4843056.488393303
12956892.981519585,4843056.488393303
12956892.981519585,4843057.93822387
12956892.981519585,4843057.93822387
12956892.981519585,4843057.93822387
12956892.981519585,4843057.93822387
12956892.981519585,4843057.93822387
12956892.981519585,4843057.93822387
12956892.981519585,4843057.93822387
12956892.981519585,4843057.93822387
12956892.981519585,4843057.93822387
12956892.981519585,4843057.93822387
12956892.981519585,4843057.93822387
12956892.981519585,4843057.93822387
12956892.981519585,4843059.388054644
12956892.981519585,4843059.388054644
12956892.981519585,4843059.388054644
12956892.981519585,4843059.388054644
12956892.981519585,4843059.388054644
12956892.981519585,4843059.388054644
12956892.981519585,4843059.388054644
12956892.981519585,4843059.388054644
12956892.981519585,4843059.388054644
12956892.981519585,4843059.388054644
12956894.094714493,4843059.388054644
12956894.094714493,4843059.388054644
12956894.094714493,4843059.388054644
12956894.094714493,4843059.388054644
12956894.094714493,4843059.388054644
12956894.094714493,4843059.388054644
12956894.094714493,4843059.388054644
12956894.094714493,4843059.388054644
12956895.207909402,4843059.388054644
12956895.207909402,4843059.388054644
12956895.207909402,4843059.388054644
12956895.207909402,4843059.388054644
12956895.207909402,4843059.388054644
12956895.207909402,4843059.388054644
12956895.207909402,4843059.388054644
12956895.207909402,4843059.388054644
12956895.207909402,4843059.388054644
12956895.207909402,4843059.388054644
12956895.207909402,4843059.388054644
12956895.207909402,4843059.388054644
12956896.321104309,4843059.388054644
12956896.321104309,4843059.388054644
12956896.321104309,4843059.388054644
12956896.321104309,4843059.388054644
12956896.321104309,4843059.388054644
12956896.321104309,4843059.388054644
12956896.321104309,4843059.388054644
12956896.321104309,4843060.837885633
12956897.434299216,4843060.837885633
12956897.434299216,4843060.837885633
12956897.434299216,4843060.837885633
12956897.434299216,4843060.837885633
12956897.434299216,4843060.837885633
12956897.434299216,4843060.837885633
12956897.434299216,4843060.837885633
12956897.434299216,4843060.837885633
12956897.434299216,4843060.837885633
12956897.434299216,4843060.837885633
12956897.434299216,4843060.837885633
12956898.547494125,4843060.837885633
12956898.547494125,4843060.837885633
12956898.547494125,4843060.837885633
12956898.547494125,4843060.837885633
12956898.547494125,4843060.837885633
12956898.547494125,4843060.837885633
12956898.547494125,4843060.837885633
12956898.547494125,4843062.287716829
12956899.660689035,4843062.287716829
12956967.565578418,4843121.730977742
12956967.565578418,4843123.180817809
12956967.565578418,4843123.180817809
12956965.339188602,4843123.180817809
12956959.773214063,4843117.3814588105
12956958.660019154,4843115.931619591
12956954.207239522,4843111.582103191
12956951.980849704,4843110.132264815
12956949.754459891,4843107.232588695
12956947.528070075,4843105.782750949
12956944.188485349,4843102.883076099
12956941.962095533,4843099.98340209
12956896.321104309,4843068.087043733
12956894.094714493,4843066.637211688
12956895.207909402,4843066.637211688
12956897.434299216,4843068.087043733
12956900.77388394,4843069.536875985
12956904.113468664,4843070.986708451
12956905.226663573,4843072.436541126
12956906.33985848,4843072.436541126
12956906.33985848,4843072.436541126
12956907.45305339,4843073.886374015
12956908.566248296,4843075.336207111
12956908.566248296,4843075.336207111
12956908.566248296,4843075.336207111
12956907.45305339,4843075.336207111
12956907.45305339,4843076.786040423
12956907.45305339,4843076.786040423
12956907.45305339,4843076.786040423
12956906.33985848,4843078.235873942
12956905.226663573,4843078.235873942
12956905.226663573,4843078.235873942
12956905.226663573,4843078.235873942
12956905.226663573,4843078.235873942
12956904.113468664,4843078.235873942
12956904.113468664,4843078.235873942
12956904.113468664,4843078.235873942
12956903.000273757,4843078.235873942
12956903.000273757,4843076.786040423
12956903.000273757,4843076.786040423
12956903.000273757,4843076.786040423
12956903.000273757,4843076.786040423
12956903.000273757,4843076.786040423
12956903.000273757,4843076.786040423
12956903.000273757,4843076.786040423
12956903.000273757,4843076.786040423
12956903.000273757,4843076.786040423
12956903.000273757,4843075.336207111
12956903.000273757,4843075.336207111
12956903.000273757,4843075.336207111
12956901.887078848,4843075.336207111
12956901.887078848,4843075.336207111
12956901.887078848,4843076.786040423
12956901.887078848,4843076.786040423
12956900.77388394,4843076.786040423
12956900.77388394,4843076.786040423
12956900.77388394,4843076.786040423
12956900.77388394,4843076.786040423
12956900.77388394,4843076.786040423
12956900.77388394,4843076.786040423
12956900.77388394,4843076.786040423
12956900.77388394,4843076.786040423
12956900.77388394,4843076.786040423
12956900.77388394,4843076.786040423
12956900.77388394,4843076.786040423
12956900.77388394,4843075.336207111
12956900.77388394,4843075.336207111
12956900.77388394,4843075.336207111
12956900.77388394,4843075.336207111
12956900.77388394,4843075.336207111
12956900.77388394,4843075.336207111
12956900.77388394,4843075.336207111
12956900.77388394,4843075.336207111
12956899.660689035,4843075.336207111
12956899.660689035,4843075.336207111
12956899.660689035,4843075.336207111
12956899.660689035,4843075.336207111
12956899.660689035,4843075.336207111
12956900.77388394,4843075.336207111
12956900.77388394,4843075.336207111
12956900.77388394,4843075.336207111
12956900.77388394,4843075.336207111
12956900.77388394,4843075.336207111
12956900.77388394,4843075.336207111
12956900.77388394,4843075.336207111
12956900.77388394,4843075.336207111
12956900.77388394,4843075.336207111
12956900.77388394,4843075.336207111
12956900.77388394,4843075.336207111
12956900.77388394,4843075.336207111
12956900.77388394,4843075.336207111
12956900.77388394,4843075.336207111
12956900.77388394,4843075.336207111
12956900.77388394,4843075.336207111
12956900.77388394,4843075.336207111
12956899.660689035,4843075.336207111
12956899.660689035,4843075.336207111
12956899.660689035,4843075.336207111
12956899.660689035,4843075.336207111
12956899.660689035,4843075.336207111
12956899.660689035,4843075.336207111
12956899.660689035,4843075.336207111
12956899.660689035,4843075.336207111
12956899.660689035,4843075.336207111
12956899.660689035,4843075.336207111
12956899.660689035,4843075.336207111
12956899.660689035,4843075.336207111
12956899.660689035,4843075.336207111
12956899.660689035,4843075.336207111
12956899.660689035,4843075.336207111
12956899.660689035,4843075.336207111
12956899.660689035,4843075.336207111
12956898.547494125,4843075.336207111
12956898.547494125,4843075.336207111
12956898.547494125,4843075.336207111
12956898.547494125,4843075.336207111
12956898.547494125,4843075.336207111
12956899.660689035,4843075.336207111
12956899.660689035,4843075.336207111
12956898.547494125,4843075.336207111
12956898.547494125,4843075.336207111
12956898.547494125,4843075.336207111
12956898.547494125,4843075.336207111
12956898.547494125,4843075.336207111
12956898.547494125,4843075.336207111
12956898.547494125,4843073.886374015
12956899.660689035,4843073.886374015
12956899.660689035,4843073.886374015
12956899.660689035,4843073.886374015
12956899.660689035,4843073.886374015
12956900.77388394,4843073.886374015
12956900.77388394,4843073.886374015
12956900.77388394,4843073.886374015
12956900.77388394,4843073.886374015
12956900.77388394,4843073.886374015
12956900.77388394,4843073.886374015
12956900.77388394,4843073.886374015
12956900.77388394,4843073.886374015
12956900.77388394,4843073.886374015
12956900.77388394,4843073.886374015
12956900.77388394,4843073.886374015
12956900.77388394,4843073.886374015
12956900.77388394,4843073.886374015
12956900.77388394,4843073.886374015
12956900.77388394,4843073.886374015
12956900.77388394,4843073.886374015
12956900.77388394,4843075.336207111
12956900.77388394,4843075.336207111
12956900.77388394,4843075.336207111
12956900.77388394,4843075.336207111
12956900.77388394,4843075.336207111
12956901.887078848,4843075.336207111
12956901.887078848,4843075.336207111
12956901.887078848,4843075.336207111
12956901.887078848,4843073.886374015
12956901.887078848,4843073.886374015
12956901.887078848,4843073.886374015
12956901.887078848,4843075.336207111
12956903.000273757,4843075.336207111
12956903.000273757,4843075.336207111
12956901.887078848,4843075.336207111
12956901.887078848,4843075.336207111
12956901.887078848,4843075.336207111
12956901.887078848,4843075.336207111
12956903.000273757,4843075.336207111
12956903.000273757,4843073.886374015
12956903.000273757,4843073.886374015
12956903.000273757,4843073.886374015
12956903.000273757,4843073.886374015
12956903.000273757,4843073.886374015
12956903.000273757,4843073.886374015
12956903.000273757,4843073.886374015
12956903.000273757,4843073.886374015
12956903.000273757,4843073.886374015
12956903.000273757,4843073.886374015
12956903.000273757,4843073.886374015
12956903.000273757,4843073.886374015
12956903.000273757,4843073.886374015
12956903.000273757,4843073.886374015
12956903.000273757,4843073.886374015
12956901.887078848,4843073.886374015
12956901.887078848,4843073.886374015
12956901.887078848,4843073.886374015
12956901.887078848,4843073.886374015
12956901.887078848,4843073.886374015
12956901.887078848,4843073.886374015
12956901.887078848,4843073.886374015
12956901.887078848,4843073.886374015
12956901.887078848,4843073.886374015
12956903.000273757,4843073.886374015
12956903.000273757,4843073.886374015
12956903.000273757,4843073.886374015
12956903.000273757,4843073.886374015
12956903.000273757,4843073.886374015
12956903.000273757,4843073.886374015
12956903.000273757,4843073.886374015
12956903.000273757,4843073.886374015
12956903.000273757,4843073.886374015
12956903.000273757,4843073.886374015
12956903.000273757,4843073.886374015
12956903.000273757,4843073.886374015
12956903.000273757,4843073.886374015
12956903.000273757,4843073.886374015
12956903.000273757,4843073.886374015
12956903.000273757,4843073.886374015
12956903.000273757,4843073.886374015
12956903.000273757,4843073.886374015
12956903.000273757,4843073.886374015
12956903.000273757,4843073.886374015
12956903.000273757,4843073.886374015
12956903.000273757,4843073.886374015
12956903.000273757,4843073.886374015
12956903.000273757,4843073.886374015
12956903.000273757,4843073.886374015
12956903.000273757,4843073.886374015
12956903.000273757,4843073.886374015
12956903.000273757,4843073.886374015
12956903.000273757,4843073.886374015
12956903.000273757,4843073.886374015
12956903.000273757,4843073.886374015
12956903.000273757,4843073.886374015
12956903.000273757,4843073.886374015
12956903.000273757,4843073.886374015
12956903.000273757,4843073.886374015
12956903.000273757,4843073.886374015
12956903.000273757,4843073.886374015
12956903.000273757,4843073.886374015
12956903.000273757,4843073.886374015
12956903.000273757,4843073.886374015
12956903.000273757,4843073.886374015
12956903.000273757,4843073.886374015
12956903.000273757,4843073.886374015
12956903.000273757,4843073.886374015
12956903.000273757,4843073.886374015
12956903.000273757,4843073.886374015
12956903.000273757,4843073.886374015
12956903.000273757,4843073.886374015
12956903.000273757,4843073.886374015
12956904.113468664,4843073.886374015
12956904.113468664,4843073.886374015
12956904.113468664,4843073.886374015
12956904.113468664,4843073.886374015
12956904.113468664,4843073.886374015
12956904.113468664,4843073.886374015
12956904.113468664,4843073.886374015
12956904.113468664,4843073.886374015
12956904.113468664,4843073.886374015
12956904.113468664,4843073.886374015
12956904.113468664,4843073.886374015
12956904.113468664,4843073.886374015
12956904.113468664,4843073.886374015
12956904.113468664,4843073.886374015
12956904.113468664,4843073.886374015
12956904.113468664,4843073.886374015
12956904.113468664,4843073.886374015
12956904.113468664,4843073.886374015
12956904.113468664,4843073.886374015
12956904.113468664,4843073.886374015
12956904.113468664,4843073.886374015
12956904.113468664,4843073.886374015
12956904.113468664,4843073.886374015
12956904.113468664,4843073.886374015
12956904.113468664,4843073.886374015
12956904.113468664,4843073.886374015
12956904.113468664,4843073.886374015
12956904.113468664,4843073.886374015
12956904.113468664,4843073.886374015
12956904.113468664,4843073.886374015
12956904.113468664,4843073.886374015
12956904.113468664,4843073.886374015
12956904.113468664,4843073.886374015
12956904.113468664,4843073.886374015
12956904.113468664,4843073.886374015
12956904.113468664,4843073.886374015
12956904.113468664,4843073.886374015
12956904.113468664,4843073.886374015
12956904.113468664,4843073.886374015
12956904.113468664,4843073.886374015
12956904.113468664,4843072.436541126
12956904.113468664,4843072.436541126
12956904.113468664,4843072.436541126
12956904.113468664,4843072.436541126
12956904.113468664,4843072.436541126
12956904.113468664,4843072.436541126
12956904.113468664,4843072.436541126
12956904.113468664,4843072.436541126
12956904.113468664,4843072.436541126
12956904.113468664,4843072.436541126
12956904.113468664,4843072.436541126
12956904.113468664,4843072.436541126
12956904.113468664,4843072.436541126
12956904.113468664,4843072.436541126
12956904.113468664,4843072.436541126
12956904.113468664,4843072.436541126
12956904.113468664,4843072.436541126
12956904.113468664,4843072.436541126
12956904.113468664,4843072.436541126
12956904.113468664,4843072.436541126
12956904.113468664,4843072.436541126
12956904.113468664,4843072.436541126
12956904.113468664,4843072.436541126
12956904.113468664,4843072.436541126
12956904.113468664,4843072.436541126
12956904.113468664,4843072.436541126
12956905.226663573,4843072.436541126
12956905.226663573,4843072.436541126
12956905.226663573,4843072.436541126
12956905.226663573,4843072.436541126
12956905.226663573,4843072.436541126
12956905.226663573,4843072.436541126
12956905.226663573,4843072.436541126
12956905.226663573,4843072.436541126
12956905.226663573,4843072.436541126
12956905.226663573,4843072.436541126
12956905.226663573,4843073.886374015
12956905.226663573,4843073.886374015
12956905.226663573,4843073.886374015
12956905.226663573,4843073.886374015
12956905.226663573,4843073.886374015
12956905.226663573,4843073.886374015
12956905.226663573,4843073.886374015
12956905.226663573,4843073.886374015
12956905.226663573,4843073.886374015
12956905.226663573,4843073.886374015
12956905.226663573,4843073.886374015
12956905.226663573,4843073.886374015
12956905.226663573,4843073.886374015
12956905.226663573,4843073.886374015
12956905.226663573,4843073.886374015
12956905.226663573,4843073.886374015
12956905.226663573,4843073.886374015
12956905.226663573,4843073.886374015
12956905.226663573,4843073.886374015
12956905.226663573,4843073.886374015
12956905.226663573,4843073.886374015
12956905.226663573,4843073.886374015
12956905.226663573,4843073.886374015
12956905.226663573,4843073.886374015
12956905.226663573,4843073.886374015
12956905.226663573,4843073.886374015
12956905.226663573,4843073.886374015
12956905.226663573,4843073.886374015
12956905.226663573,4843073.886374015
12956905.226663573,4843073.886374015
12956905.226663573,4843073.886374015
12956905.226663573,4843073.886374015
12956905.226663573,4843073.886374015
12956905.226663573,4843073.886374015
12956905.226663573,4843073.886374015
12956905.226663573,4843073.886374015
12956905.226663573,4843073.886374015
12956905.226663573,4843073.886374015
12956905.226663573,4843073.886374015
12956905.226663573,4843073.886374015
12956905.226663573,4843073.886374015
12956905.226663573,4843073.886374015
12956905.226663573,4843073.886374015
12956905.226663573,4843073.886374015
12956905.226663573,4843073.886374015
12956905.226663573,4843073.886374015
12956905.226663573,4843073.886374015
12956905.226663573,4843073.886374015
12956905.226663573,4843073.886374015
12956905.226663573,4843073.886374015
12956905.226663573,4843073.886374015
12956905.226663573,4843073.886374015
12956905.226663573,4843073.886374015
12956904.113468664,4843073.886374015
12956904.113468664,4843073.886374015
12956904.113468664,4843073.886374015
12956904.113468664,4843073.886374015
12956904.113468664,4843073.886374015
12956904.113468664,4843073.886374015
12956904.113468664,4843073.886374015
12956904.113468664,4843073.886374015
12956904.113468664,4843073.886374015
12956904.113468664,4843073.886374015
12956904.113468664,4843073.886374015
12956904.113468664,4843073.886374015
12956904.113468664,4843073.886374015
12956904.113468664,4843073.886374015
12956904.113468664,4843073.886374015
12956904.113468664,4843073.886374015
12956904.113468664,4843073.886374015
12956904.113468664,4843073.886374015
12956904.113468664,4843073.886374015
12956904.113468664,4843073.886374015
12956904.113468664,4843073.886374015
12956904.113468664,4843073.886374015
12956904.113468664,4843073.886374015
12956904.113468664,4843073.886374015
12956904.113468664,4843073.886374015
12956904.113468664,4843073.886374015
12956904.113468664,4843073.886374015
12956904.113468664,4843073.886374015
12956904.113468664,4843073.886374015
12956904.113468664,4843073.886374015
12956904.113468664,4843073.886374015
12956904.113468664,4843073.886374015
12956904.113468664,4843073.886374015
12956904.113468664,4843073.886374015
12956904.113468664,4843073.886374015
12956904.113468664,4843073.886374015
12956904.113468664,4843073.886374015
12956904.113468664,4843073.886374015
12956904.113468664,4843073.886374015
12956904.113468664,4843073.886374015
12956904.113468664,4843073.886374015
12956904.113468664,4843073.886374015
12956904.113468664,4843073.886374015
12956904.113468664,4843073.886374015
12956904.113468664,4843073.886374015
12956904.113468664,4843073.886374015
12956904.113468664,4843073.886374015
12956904.113468664,4843073.886374015
12956904.113468664,4843073.886374015
12956904.113468664,4843073.886374015
12956904.113468664,4843073.886374015
12956904.113468664,4843073.886374015
12956904.113468664,4843073.886374015
12956904.113468664,4843073.886374015
12956904.113468664,4843073.886374015
12956904.113468664,4843073.886374015
12956904.113468664,4843073.886374015
12956904.113468664,4843073.886374015
12956904.113468664,4843073.886374015
12956904.113468664,4843073.886374015
12956904.113468664,4843073.886374015
12956904.113468664,4843073.886374015
12956904.113468664,4843073.886374015
12956904.113468664,4843073.886374015
12956904.113468664,4843072.436541126
12956904.113468664,4843072.436541126
12956904.113468664,4843072.436541126
12956904.113468664,4843072.436541126
12956904.113468664,4843072.436541126
12956904.113468664,4843072.436541126
12956904.113468664,4843072.436541126
12956904.113468664,4843072.436541126
12956904.113468664,4843072.436541126
12956904.113468664,4843072.436541126
12956904.113468664,4843072.436541126
12956904.113468664,4843072.436541126
12956904.113468664,4843072.436541126
12956904.113468664,4843072.436541126
12956904.113468664,4843072.436541126
12956904.113468664,4843072.436541126
12956904.113468664,4843072.436541126
12956904.113468664,4843072.436541126
12956904.113468664,4843072.436541126
12956904.113468664,4843072.436541126
12956904.113468664,4843072.436541126
12956904.113468664,4843072.436541126
12956904.113468664,4843072.436541126
12956904.113468664,4843072.436541126
12956904.113468664,4843072.436541126
12956904.113468664,4843072.436541126
12956904.113468664,4843072.436541126
12956904.113468664,4843072.436541126
12956904.113468664,4843072.436541126
12956904.113468664,4843072.436541126
12956904.113468664,4843072.436541126
12956904.113468664,4843072.436541126
12956904.113468664,4843072.436541126
12956904.113468664,4843072.436541126
12956904.113468664,4843072.436541126
12956904.113468664,4843072.436541126
12956904.113468664,4843072.436541126
12956904.113468664,4843072.436541126
12956903.000273757,4843072.436541126
12956903.000273757,4843072.436541126
12956903.000273757,4843072.436541126
12956903.000273757,4843072.436541126
12956903.000273757,4843072.436541126
12956903.000273757,4843072.436541126
12956903.000273757,4843072.436541126
12956903.000273757,4843072.436541126
12956903.000273757,4843072.436541126
12956903.000273757,4843072.436541126
12956903.000273757,4843072.436541126
12956903.000273757,4843072.436541126
12956903.000273757,4843072.436541126
12956903.000273757,4843072.436541126
12956903.000273757,4843072.436541126
12956903.000273757,4843072.436541126
12956903.000273757,4843072.436541126
12956903.000273757,4843072.436541126
12956903.000273757,4843072.436541126
12956903.000273757,4843072.436541126
12956903.000273757,4843072.436541126
12956903.000273757,4843072.436541126
12956903.000273757,4843072.436541126
12956903.000273757,4843072.436541126
12956903.000273757,4843072.436541126
12956903.000273757,4843072.436541126
12956903.000273757,4843072.436541126
12956903.000273757,4843072.436541126
12956903.000273757,4843072.436541126
12956903.000273757,4843072.436541126
12956903.000273757,4843072.436541126
12956903.000273757,4843072.436541126
12956903.000273757,4843072.436541126
12956903.000273757,4843072.436541126
12956903.000273757,4843072.436541126
12956903.000273757,4843072.436541126
12956903.000273757,4843072.436541126
12956903.000273757,4843072.436541126
12956903.000273757,4843072.436541126
12956903.000273757,4843072.436541126
12956903.000273757,4843072.436541126
12956903.000273757,4843072.436541126
12956903.000273757,4843072.436541126
12956903.000273757,4843072.436541126
12956903.000273757,4843072.436541126
12956903.000273757,4843072.436541126
12956903.000273757,4843072.436541126
12956901.887078848,4843072.436541126
12956901.887078848,4843072.436541126
12956901.887078848,4843072.436541126
12956901.887078848,4843072.436541126
12956901.887078848,4843072.436541126
12956903.000273757,4843072.436541126
12956903.000273757,4843072.436541126
12956903.000273757,4843072.436541126
12956903.000273757,4843072.436541126
12956903.000273757,4843072.436541126
12956903.000273757,4843072.436541126
12956903.000273757,4843072.436541126
12956903.000273757,4843072.436541126
12956903.000273757,4843072.436541126
12956903.000273757,4843072.436541126
12956903.000273757,4843072.436541126
12956903.000273757,4843072.436541126
12956903.000273757,4843072.436541126
12956903.000273757,4843072.436541126
12956903.000273757,4843070.986708451
12956903.000273757,4843070.986708451
12956903.000273757,4843070.986708451
12956903.000273757,4843070.986708451
12956903.000273757,4843070.986708451
12956903.000273757,4843070.986708451
12956903.000273757,4843070.986708451
12956903.000273757,4843070.986708451
12956903.000273757,4843070.986708451
12956903.000273757,4843070.986708451
12956903.000273757,4843070.986708451
12956903.000273757,4843070.986708451
12956903.000273757,4843070.986708451
12956903.000273757,4843070.986708451
12956903.000273757,4843070.986708451
12956903.000273757,4843070.986708451
12956903.000273757,4843070.986708451
12956903.000273757,4843070.986708451
12956903.000273757,4843070.986708451
12956903.000273757,4843070.986708451
12956903.000273757,4843070.986708451
12956974.244747864,4843021.692523097
12956974.244747864,4843021.692523097
12956973.131552957,4843023.142348596
12956973.131552957,4843021.692523097
12956973.131552957,4843021.692523097
12956973.131552957,4843021.692523097
12956973.131552957,4843021.692523097
12956972.018358048,4843021.692523097
12956972.018358048,4843021.692523097
12956970.905163141,4843021.692523097
12956968.678773325,4843023.142348596
12956889.641934862,4843044.88975639
12956890.75512977,4843046.339585264
12956890.75512977,4843046.339585264
12956890.75512977,4843046.339585264
12956890.75512977,4843046.339585264
12956890.75512977,4843046.339585264
12956891.868324677,4843046.339585264
12956891.868324677,4843046.339585264
12956891.868324677,4843046.339585264
12956891.868324677,4843046.339585264
12956891.868324677,4843046.339585264
12956891.868324677,4843046.339585264
12956891.868324677,4843046.339585264
12956891.868324677,4843046.339585264
12956891.868324677,4843046.339585264
12956891.868324677,4843046.339585264
12956891.868324677,4843046.339585264
12956892.981519585,4843046.339585264
12956892.981519585,4843046.339585264
12956892.981519585,4843046.339585264
12956892.981519585,4843046.339585264
12956892.981519585,4843046.339585264
12956892.981519585,4843046.339585264
12956892.981519585,4843046.339585264
12956892.981519585,4843046.339585264
12956892.981519585,4843046.339585264
12956892.981519585,4843046.339585264
12956892.981519585,4843046.339585264
12956892.981519585,4843046.339585264
12956921.92458719,4843081.135541617
12956916.358612655,4843014.443398778
12956916.358612655,4843014.443398778
12956916.358612655,4843014.443398778
12956916.358612655,4843014.443398778
12956916.358612655,4843015.893223221
12956915.245417746,4843015.893223221
12956915.245417746,4843015.893223221
12956915.245417746,4843015.893223221
12956915.245417746,4843015.893223221
12956915.245417746,4843017.343047873
12956915.245417746,4843017.343047873
12956914.132222835,4843017.343047873
12956914.132222835,4843018.792872739
12956914.132222835,4843018.792872739
12956914.132222835,4843018.792872739
12956914.132222835,4843018.792872739
12956914.132222835,4843018.792872739
12956914.132222835,4843018.792872739
12956914.132222835,4843018.792872739
12956914.132222835,4843020.242697812
12956884.075960321,4843063.7375482395
12956884.075960321,4843063.7375482395
12956885.18915523,4843063.7375482395
12956885.18915523,4843063.7375482395
12956885.18915523,4843063.7375482395
12956885.18915523,4843063.7375482395
12956885.18915523,4843063.7375482395
12956885.18915523,4843063.7375482395
12956885.18915523,4843063.7375482395
12956885.18915523,4843063.7375482395
12956886.302350137,4843063.7375482395
12956886.302350137,4843063.7375482395
12956886.302350137,4843063.7375482395
12956886.302350137,4843063.7375482395
12956886.302350137,4843063.7375482395
12956886.302350137,4843062.287716829
12956887.415545044,4843063.7375482395
12956887.415545044,4843062.287716829
12956887.415545044,4843062.287716829
12956887.415545044,4843062.287716829
12956887.415545044,4843062.287716829
12956887.415545044,4843062.287716829
12956887.415545044,4843062.287716829
12956887.415545044,4843062.287716829
12956887.415545044,4843062.287716829
12956887.415545044,4843062.287716829
12956887.415545044,4843062.287716829
12956887.415545044,4843062.287716829
12956888.528739953,4843062.287716829
12956888.528739953,4843062.287716829
12956888.528739953,4843062.287716829
12956888.528739953,4843062.287716829
12956888.528739953,4843062.287716829
12956888.528739953,4843062.287716829
12956888.528739953,4843062.287716829
12956888.528739953,4843062.287716829
12956888.528739953,4843062.287716829
12956966.452383509,4843015.893223221
12956966.452383509,4843015.893223221
12956869.60442652,4843076.786040423
12956869.60442652,4843076.786040423
12956869.60442652,4843076.786040423
12956869.60442652,4843076.786040423
12956870.717621427,4843076.786040423
12956870.717621427,4843076.786040423
12956871.830816334,4843075.336207111
12956871.830816334,4843075.336207111
12956871.830816334,4843075.336207111
12956871.830816334,4843075.336207111
12956871.830816334,4843075.336207111
12956872.944011243,4843075.336207111
12956872.944011243,4843075.336207111
12956931.943341361,4843044.88975639
12956931.943341361,4843044.88975639
12956930.830146456,4843044.88975639
12956930.830146456,4843044.88975639
12956930.830146456,4843046.339585264
12956930.830146456,4843046.339585264
12956929.716951549,4843046.339585264
12956929.716951549,4843046.339585264
12956929.716951549,4843046.339585264
12956928.603756638,4843046.339585264
12956928.603756638,4843046.339585264
12956928.603756638,4843046.339585264
12956928.603756638,4843046.339585264
12956928.603756638,4843046.339585264
12956928.603756638,4843046.339585264
12956927.490561733,4843046.339585264
12956927.490561733,4843047.789414351
12956927.490561733,4843047.789414351
12956927.490561733,4843047.789414351
12956926.377366822,4843047.789414351
12956925.264171917,4843047.789414351
12956925.264171917,4843047.789414351
12956925.264171917,4843047.789414351
12956925.264171917,4843047.789414351
12956925.264171917,4843047.789414351
12956925.264171917,4843047.789414351
12956925.264171917,4843047.789414351
12956924.150977006,4843047.789414351
12956924.150977006,4843047.789414351
12956924.150977006,4843047.789414351
12956924.150977006,4843047.789414351
12956924.150977006,4843047.789414351
12956924.150977006,4843047.789414351
12956924.150977006,4843047.789414351
12956924.150977006,4843047.789414351
12956923.037782101,4843047.789414351
12956923.037782101,4843047.789414351
12956923.037782101,4843047.789414351
12956923.037782101,4843047.789414351
12956923.037782101,4843047.789414351
12956923.037782101,4843047.789414351
12956923.037782101,4843049.239243648
12956921.92458719,4843049.239243648
12956921.92458719,4843049.239243648
12956921.92458719,4843049.239243648
12956921.92458719,4843049.239243648
12956921.92458719,4843049.239243648
12956921.92458719,4843049.239243648
12956827.303020015,4843076.786040423
12956831.75579965,4843075.336207111
12956833.982189465,4843075.336207111
12956835.095384374,4843073.886374015
12956837.321774187,4843073.886374015
12956837.321774187,4843073.886374015
12956840.661358913,4843072.436541126
12956842.88774873,4843072.436541126
12956844.000943637,4843070.986708451
12956846.227333453,4843070.986708451
12956847.34052836,4843070.986708451
12956848.453723269,4843069.536875985
12956849.566918178,4843069.536875985
12956852.9065029,4843068.087043733
12956854.019697808,4843068.087043733
12956855.132892717,4843068.087043733
12956856.246087624,4843066.637211688
12956857.35928253,4843066.637211688
12956857.35928253,4843066.637211688
12956858.47247744,4843066.637211688
12956859.585672349,4843066.637211688
12956860.698867256,4843066.637211688
12956861.812062163,4843066.637211688
12956862.925257072,4843065.187379858
12956864.038451979,4843065.187379858
12956865.151646888,4843065.187379858
12956865.151646888,4843065.187379858
12956866.264841795,4843065.187379858
12956866.264841795,4843063.7375482395
12956867.378036702,4843063.7375482395
12956867.378036702,4843063.7375482395
12956867.378036702,4843063.7375482395
12956868.491231611,4843063.7375482395
12956868.491231611,4843063.7375482395
12956869.60442652,4843063.7375482395
12956869.60442652,4843062.287716829
12956869.60442652,4843062.287716829
12956870.717621427,4843062.287716829
12956870.717621427,4843062.287716829
12956871.830816334,4843062.287716829
12956871.830816334,4843062.287716829
12956875.17040106,4843060.837885633
12956876.283595966,4843060.837885633
12956876.283595966,4843060.837885633
12956877.396790873,4843059.388054644
12956877.396790873,4843059.388054644
12956877.396790873,4843059.388054644
12956878.509985782,4843059.388054644
12956878.509985782,4843059.388054644
12956878.509985782,4843059.388054644
12956878.509985782,4843057.93822387
12956879.623180691,4843057.93822387
12956879.623180691,4843057.93822387
12956879.623180691,4843057.93822387
12956879.623180691,4843057.93822387
12956879.623180691,4843057.93822387
12956879.623180691,4843057.93822387
12956879.623180691,4843057.93822387
12956879.623180691,4843057.93822387
12956879.623180691,4843057.93822387
12956879.623180691,4843057.93822387
12956880.736375598,4843057.93822387
12956880.736375598,4843057.93822387
12956880.736375598,4843057.93822387
12956880.736375598,4843057.93822387
12956880.736375598,4843057.93822387
12956880.736375598,4843057.93822387
12956880.736375598,4843057.93822387
12956880.736375598,4843057.93822387
12956880.736375598,4843057.93822387
12956880.736375598,4843057.93822387
12956880.736375598,4843057.93822387
12956880.736375598,4843057.93822387
12956880.736375598,4843057.93822387
12956880.736375598,4843059.388054644
12956880.736375598,4843059.388054644
12973813.544120163,4828034.527483906
12956880.736375598,4843059.388054644
12956880.736375598,4843059.388054644
12956880.736375598,4843059.388054644
12956880.736375598,4843059.388054644
12956880.736375598,4843057.93822387
12956881.849570505,4843057.93822387
12956881.849570505,4843057.93822387
12956881.849570505,4843057.93822387
12956881.849570505,4843057.93822387
12956881.849570505,4843057.93822387
12956882.962765414,4843057.93822387
12956882.962765414,4843057.93822387
12956882.962765414,4843057.93822387
12956882.962765414,4843057.93822387
12956882.962765414,4843057.93822387
12956882.962765414,4843057.93822387
12956882.962765414,4843057.93822387
12956882.962765414,4843057.93822387
12956884.075960321,4843057.93822387
12956884.075960321,4843057.93822387
12956884.075960321,4843057.93822387
12956884.075960321,4843057.93822387
12956884.075960321,4843057.93822387
12956884.075960321,4843057.93822387
12956884.075960321,4843057.93822387
12956884.075960321,4843057.93822387
12956884.075960321,4843057.93822387
12956884.075960321,4843057.93822387
12956884.075960321,4843057.93822387
12956884.075960321,4843057.93822387
12956884.075960321,4843057.93822387
12956884.075960321,4843056.488393303
12956884.075960321,4843056.488393303
12956884.075960321,4843056.488393303
12956884.075960321,4843056.488393303
12956884.075960321,4843056.488393303
12956885.18915523,4843056.488393303
12956885.18915523,4843056.488393303
12956885.18915523,4843056.488393303
12956885.18915523,4843056.488393303
12956885.18915523,4843056.488393303
12956885.18915523,4843056.488393303
12956885.18915523,4843056.488393303
12956885.18915523,4843056.488393303
12956885.18915523,4843056.488393303
12956886.302350137,4843056.488393303
12956886.302350137,4843056.488393303
12956886.302350137,4843056.488393303
12956886.302350137,4843056.488393303
12956886.302350137,4843056.488393303
12956886.302350137,4843056.488393303
12956886.302350137,4843056.488393303
12956886.302350137,4843056.488393303
12956886.302350137,4843056.488393303
12956886.302350137,4843056.488393303
12956886.302350137,4843056.488393303
12956886.302350137,4843056.488393303
12956886.302350137,4843056.488393303
12956886.302350137,4843056.488393303
12956886.302350137,4843056.488393303
12956886.302350137,4843056.488393303
12956886.302350137,4843056.488393303
12956886.302350137,4843056.488393303
12956886.302350137,4843056.488393303
12956886.302350137,4843056.488393303
12956886.302350137,4843056.488393303
12956886.302350137,4843056.488393303
12956886.302350137,4843056.488393303
12956886.302350137,4843056.488393303
12956886.302350137,4843056.488393303
12956886.302350137,4843056.488393303
12956887.415545044,4843056.488393303
12956887.415545044,4843056.488393303
12956887.415545044,4843056.488393303
12956887.415545044,4843056.488393303
12956887.415545044,4843056.488393303
12956887.415545044,4843056.488393303
12956887.415545044,4843056.488393303
12956887.415545044,4843056.488393303
12956887.415545044,4843055.038562952
12956887.415545044,4843055.038562952
12956887.415545044,4843055.038562952
12956888.528739953,4843055.038562952
12956888.528739953,4843055.038562952
12956888.528739953,4843055.038562952
12956888.528739953,4843055.038562952
12956888.528739953,4843055.038562952
12956888.528739953,4843055.038562952
12956889.641934862,4843055.038562952
12956889.641934862,4843055.038562952
12956889.641934862,4843055.038562952
12956889.641934862,4843055.038562952
12956889.641934862,4843055.038562952
12956889.641934862,4843055.038562952
12956889.641934862,4843055.038562952
12956889.641934862,4843055.038562952
12956889.641934862,4843055.038562952
12956890.75512977,4843055.038562952
12956890.75512977,4843055.038562952
12956890.75512977,4843055.038562952
12956890.75512977,4843055.038562952
12956890.75512977,4843055.038562952
12956890.75512977,4843055.038562952
12956890.75512977,4843053.588732807
12956890.75512977,4843053.588732807
12956890.75512977,4843053.588732807
12956890.75512977,4843053.588732807
12956890.75512977,4843053.588732807
12956890.75512977,4843053.588732807
12956890.75512977,4843053.588732807
12956890.75512977,4843053.588732807
12956890.75512977,4843053.588732807
12956891.868324677,4843053.588732807
12956891.868324677,4843053.588732807
12956891.868324677,4843053.588732807
12956891.868324677,4843053.588732807
12956891.868324677,4843053.588732807
12956891.868324677,4843053.588732807
12956891.868324677,4843053.588732807
12956891.868324677,4843053.588732807
12956891.868324677,4843053.588732807
12956891.868324677,4843053.588732807
12956891.868324677,4843053.588732807
12956891.868324677,4843053.588732807
12956891.868324677,4843053.588732807
12956891.868324677,4843053.588732807
12956891.868324677,4843053.588732807
12956891.868324677,4843053.588732807
12956891.868324677,4843053.588732807
12956891.868324677,4843053.588732807
12956891.868324677,4843053.588732807
12956891.868324677,4843053.588732807
12956891.868324677,4843053.588732807
12956891.868324677,4843053.588732807
12956892.981519585,4843053.588732807
12956892.981519585,4843053.588732807
12956892.981519585,4843053.588732807
12956892.981519585,4843053.588732807
12956892.981519585,4843053.588732807
12956892.981519585,4843053.588732807
12956892.981519585,4843053.588732807
12956892.981519585,4843053.588732807
12956892.981519585,4843053.588732807
12956892.981519585,4843053.588732807
12956892.981519585,4843053.588732807
12956892.981519585,4843053.588732807
12956892.981519585,4843053.588732807
12956892.981519585,4843053.588732807
12956892.981519585,4843053.588732807
12956892.981519585,4843053.588732807
12956892.981519585,4843053.588732807
12956892.981519585,4843053.588732807
12956892.981519585,4843053.588732807
12956892.981519585,4843052.138902878
12956892.981519585,4843052.138902878
12956892.981519585,4843052.138902878
12956892.981519585,4843052.138902878
12956892.981519585,4843052.138902878
12956892.981519585,4843052.138902878
12956892.981519585,4843052.138902878
12956892.981519585,4843052.138902878
12956892.981519585,4843052.138902878
12956892.981519585,4843052.138902878
12956892.981519585,4843052.138902878
12956892.981519585,4843052.138902878
12956892.981519585,4843052.138902878
12956892.981519585,4843052.138902878
12956892.981519585,4843052.138902878
12956892.981519585,4843052.138902878
12956892.981519585,4843052.138902878
12956892.981519585,4843052.138902878
12956892.981519585,4843052.138902878
12956892.981519585,4843052.138902878
12956892.981519585,4843052.138902878
12956892.981519585,4843052.138902878
12956892.981519585,4843052.138902878
12956892.981519585,4843052.138902878
12956892.981519585,4843052.138902878
12956894.094714493,4843052.138902878
12956894.094714493,4843052.138902878
12956894.094714493,4843052.138902878
12956894.094714493,4843052.138902878
12956894.094714493,4843052.138902878
12956894.094714493,4843052.138902878
12956894.094714493,4843052.138902878
12956894.094714493,4843052.138902878
12956894.094714493,4843052.138902878
12956894.094714493,4843052.138902878
12956894.094714493,4843052.138902878
12956894.094714493,4843052.138902878
12956894.094714493,4843052.138902878
12956894.094714493,4843052.138902878
12956894.094714493,4843052.138902878
12956894.094714493,4843052.138902878
12956894.094714493,4843052.138902878
12956894.094714493,4843052.138902878
12956894.094714493,4843052.138902878
12956894.094714493,4843052.138902878
12956894.094714493,4843052.138902878
12956894.094714493,4843052.138902878
12956894.094714493,4843052.138902878
12956894.094714493,4843052.138902878
12956894.094714493,4843052.138902878
12956894.094714493,4843052.138902878
12956894.094714493,4843052.138902878
12956894.094714493,4843050.689073158
12956894.094714493,4843050.689073158
12956894.094714493,4843050.689073158
12956894.094714493,4843050.689073158
12956894.094714493,4843050.689073158
12956894.094714493,4843050.689073158
12956894.094714493,4843050.689073158
12956894.094714493,4843050.689073158
12956894.094714493,4843050.689073158
12956894.094714493,4843050.689073158
12956895.207909402,4843050.689073158
12956895.207909402,4843050.689073158
12956895.207909402,4843050.689073158
12956895.207909402,4843050.689073158
12956895.207909402,4843050.689073158
12956895.207909402,4843050.689073158
12956895.207909402,4843050.689073158
12956895.207909402,4843050.689073158
12956895.207909402,4843050.689073158
12956895.207909402,4843050.689073158
12956895.207909402,4843050.689073158
12956895.207909402,4843050.689073158
12956895.207909402,4843050.689073158
12956895.207909402,4843050.689073158
12956895.207909402,4843050.689073158
12956895.207909402,4843050.689073158
12956895.207909402,4843050.689073158
12956895.207909402,4843050.689073158
12956895.207909402,4843050.689073158
12956895.207909402,4843050.689073158
12956895.207909402,4843050.689073158
12956895.207909402,4843050.689073158
12956895.207909402,4843050.689073158
12956895.207909402,4843050.689073158
12956895.207909402,4843050.689073158
12956895.207909402,4843050.689073158
12956895.207909402,4843050.689073158
12956894.094714493,4843050.689073158
12956895.207909402,4843050.689073158
12956895.207909402,4843050.689073158
12956895.207909402,4843050.689073158
12956895.207909402,4843050.689073158
12956895.207909402,4843050.689073158
12956895.207909402,4843050.689073158
12956895.207909402,4843050.689073158
12956895.207909402,4843050.689073158
12956895.207909402,4843050.689073158
12956895.207909402,4843050.689073158
12956895.207909402,4843050.689073158
12956895.207909402,4843050.689073158
12956895.207909402,4843050.689073158
12956895.207909402,4843050.689073158
12956895.207909402,4843050.689073158
12956895.207909402,4843050.689073158
12956895.207909402,4843050.689073158
12956895.207909402,4843050.689073158
12956895.207909402,4843050.689073158
12956895.207909402,4843050.689073158
12956895.207909402,4843050.689073158
12956895.207909402,4843050.689073158
12956895.207909402,4843050.689073158
12956895.207909402,4843050.689073158
12956895.207909402,4843050.689073158
12956895.207909402,4843050.689073158
12956895.207909402,4843050.689073158
12956895.207909402,4843049.239243648
12956895.207909402,4843049.239243648
12956895.207909402,4843049.239243648
12956895.207909402,4843049.239243648
12956895.207909402,4843049.239243648
12956894.094714493,4843049.239243648
12956894.094714493,4843049.239243648
12956894.094714493,4843049.239243648
12956894.094714493,4843049.239243648
12956894.094714493,4843049.239243648
12956894.094714493,4843049.239243648
12956894.094714493,4843049.239243648
12956894.094714493,4843049.239243648
12956894.094714493,4843049.239243648
12956894.094714493,4843049.239243648
12956894.094714493,4843049.239243648
12956894.094714493,4843049.239243648
12956894.094714493,4843049.239243648
12956894.094714493,4843049.239243648
12956894.094714493,4843049.239243648
12956894.094714493,4843049.239243648
12956894.094714493,4843049.239243648
12956894.094714493,4843049.239243648
12956894.094714493,4843049.239243648
12956894.094714493,4843049.239243648
12956894.094714493,4843049.239243648
12956894.094714493,4843049.239243648
12956894.094714493,4843049.239243648
12956894.094714493,4843049.239243648
12956894.094714493,4843049.239243648
12956894.094714493,4843049.239243648
12956894.094714493,4843049.239243648
12956894.094714493,4843049.239243648
12956894.094714493,4843049.239243648
12956894.094714493,4843049.239243648
12956894.094714493,4843049.239243648
12956894.094714493,4843049.239243648
12956894.094714493,4843049.239243648
12956894.094714493,4843049.239243648
12956894.094714493,4843049.239243648
12956894.094714493,4843049.239243648
12956894.094714493,4843049.239243648
12956894.094714493,4843049.239243648
12956894.094714493,4843049.239243648
12956894.094714493,4843049.239243648
12956894.094714493,4843049.239243648
12956894.094714493,4843049.239243648
12956894.094714493,4843049.239243648
12956894.094714493,4843049.239243648
12956894.094714493,4843049.239243648
12956894.094714493,4843049.239243648
12956894.094714493,4843049.239243648
12956894.094714493,4843049.239243648
12956895.207909402,4843049.239243648
12956895.207909402,4843049.239243648
12956895.207909402,4843049.239243648
12956895.207909402,4843049.239243648
12956895.207909402,4843049.239243648
12956895.207909402,4843049.239243648
12956895.207909402,4843049.239243648
12956895.207909402,4843049.239243648
12956895.207909402,4843049.239243648
12956895.207909402,4843049.239243648
12956895.207909402,4843049.239243648
12956895.207909402,4843049.239243648
12956895.207909402,4843049.239243648
12956895.207909402,4843049.239243648
12956895.207909402,4843049.239243648
12956895.207909402,4843049.239243648
12956895.207909402,4843049.239243648
12956895.207909402,4843049.239243648
12956895.207909402,4843049.239243648
12956895.207909402,4843049.239243648
12956895.207909402,4843049.239243648
12956895.207909402,4843049.239243648
12956895.207909402,4843049.239243648
12956895.207909402,4843049.239243648
12956895.207909402,4843049.239243648
12956895.207909402,4843049.239243648
12956895.207909402,4843049.239243648
12956895.207909402,4843049.239243648
12956895.207909402,4843049.239243648
12956895.207909402,4843049.239243648
12956895.207909402,4843049.239243648
12956895.207909402,4843049.239243648
12956895.207909402,4843049.239243648
12956895.207909402,4843047.789414351
12956895.207909402,4843047.789414351
12956895.207909402,4843047.789414351
12956895.207909402,4843047.789414351
12956895.207909402,4843047.789414351
12956895.207909402,4843047.789414351
12956895.207909402,4843047.789414351
12956895.207909402,4843047.789414351
12956895.207909402,4843047.789414351
12956895.207909402,4843047.789414351
12956895.207909402,4843047.789414351
12956895.207909402,4843047.789414351
12956895.207909402,4843047.789414351
12956895.207909402,4843047.789414351
12956895.207909402,4843047.789414351
12956895.207909402,4843047.789414351
12956895.207909402,4843049.239243648
12956895.207909402,4843049.239243648
12956895.207909402,4843049.239243648
12956896.321104309,4843049.239243648
12956896.321104309,4843049.239243648
12956896.321104309,4843049.239243648
12956896.321104309,4843049.239243648
12956896.321104309,4843049.239243648
12956896.321104309,4843049.239243648
12956896.321104309,4843047.789414351
12956896.321104309,4843047.789414351
12956897.434299216,4843047.789414351
12956897.434299216,4843047.789414351
12956897.434299216,4843047.789414351
12956897.434299216,4843047.789414351
12956897.434299216,4843047.789414351
12956897.434299216,4843047.789414351
12956897.434299216,4843047.789414351
12956896.321104309,4843047.789414351
12956896.321104309,4843047.789414351
12956896.321104309,4843047.789414351
12956896.321104309,4843047.789414351
12956895.207909402,4843047.789414351
12956895.207909402,4843047.789414351
12956895.207909402,4843047.789414351
12956895.207909402,4843047.789414351
12956895.207909402,4843047.789414351
12956895.207909402,4843047.789414351
12956895.207909402,4843047.789414351
12956895.207909402,4843047.789414351
12956895.207909402,4843047.789414351
12956895.207909402,4843047.789414351
12956895.207909402,4843047.789414351
12956895.207909402,4843047.789414351
12956895.207909402,4843047.789414351
12956895.207909402,4843047.789414351
12956895.207909402,4843047.789414351
12956895.207909402,4843047.789414351
12956895.207909402,4843047.789414351
12956895.207909402,4843049.239243648
12956895.207909402,4843049.239243648
12956895.207909402,4843049.239243648
12956895.207909402,4843049.239243648
12956895.207909402,4843049.239243648
12956895.207909402,4843049.239243648
12956895.207909402,4843049.239243648
12956895.207909402,4843049.239243648
12956895.207909402,4843049.239243648
12956895.207909402,4843049.239243648
12956895.207909402,4843049.239243648
12956895.207909402,4843049.239243648
12956895.207909402,4843049.239243648
12956895.207909402,4843049.239243648
12956895.207909402,4843049.239243648
12956895.207909402,4843049.239243648
12956895.207909402,4843049.239243648
12956895.207909402,4843049.239243648
12956895.207909402,4843049.239243648
12956895.207909402,4843049.239243648
12956895.207909402,4843049.239243648
12956895.207909402,4843049.239243648
12956895.207909402,4843049.239243648
12956895.207909402,4843049.239243648
12956896.321104309,4843049.239243648
12956896.321104309,4843049.239243648
12956896.321104309,4843049.239243648
12956896.321104309,4843049.239243648
12956896.321104309,4843049.239243648
12956896.321104309,4843049.239243648
12956896.321104309,4843049.239243648
12956896.321104309,4843049.239243648
12956896.321104309,4843049.239243648
12956896.321104309,4843049.239243648
12956896.321104309,4843049.239243648
12956896.321104309,4843049.239243648
12956896.321104309,4843049.239243648
12956896.321104309,4843049.239243648
12956895.207909402,4843049.239243648
12956895.207909402,4843049.239243648
12956895.207909402,4843049.239243648
12956895.207909402,4843049.239243648
12956895.207909402,4843049.239243648
12956895.207909402,4843049.239243648
12956895.207909402,4843049.239243648
12956895.207909402,4843049.239243648
12956872.944011243,4843028.941652696
12956872.944011243,4843028.941652696
12956872.944011243,4843027.491826351
12956872.944011243,4843027.491826351
12956872.944011243,4843027.491826351
12956872.944011243,4843028.941652696
12956874.05720615,4843028.941652696
12956874.05720615,4843028.941652696
12956874.05720615,4843028.941652696
12956874.05720615,4843028.941652696
12956874.05720615,4843028.941652696
12956874.05720615,4843028.941652696
12956874.05720615,4843028.941652696
12956874.05720615,4843028.941652696
12956874.05720615,4843028.941652696
12956874.05720615,4843028.941652696
12956872.944011243,4843028.941652696
12956872.944011243,4843028.941652696
12956872.944011243,4843028.941652696
12956872.944011243,4843028.941652696
12956872.944011243,4843028.941652696
12956871.830816334,4843028.941652696
12956871.830816334,4843028.941652696
12956871.830816334,4843028.941652696
12956871.830816334,4843028.941652696
12956871.830816334,4843028.941652696
12956871.830816334,4843028.941652696
12956871.830816334,4843028.941652696
12956871.830816334,4843028.941652696
12956871.830816334,4843028.941652696
12956871.830816334,4843028.941652696
12956871.830816334,4843028.941652696
12956871.830816334,4843028.941652696
12956871.830816334,4843028.941652696
12956871.830816334,4843028.941652696
12956870.717621427,4843028.941652696
12956870.717621427,4843028.941652696
12956870.717621427,4843028.941652696
12956870.717621427,4843028.941652696
12956870.717621427,4843028.941652696
12956870.717621427,4843028.941652696
12956870.717621427,4843030.391479247
12956871.830816334,4843030.391479247
12956871.830816334,4843030.391479247
12956871.830816334,4843030.391479247
12956871.830816334,4843030.391479247
12956872.944011243,4843030.391479247
12956872.944011243,4843030.391479247
12956872.944011243,4843030.391479247
12956872.944011243,4843030.391479247
12956872.944011243,4843030.391479247
12956872.944011243,4843030.391479247
12956872.944011243,4843030.391479247
12956872.944011243,4843030.391479247
12956872.944011243,4843030.391479247
12956872.944011243,4843030.391479247
12956872.944011243,4843031.841306012
12956872.944011243,4843031.841306012
12956872.944011243,4843031.841306012
12956872.944011243,4843031.841306012
12956872.944011243,4843031.841306012
12956872.944011243,4843031.841306012
12956872.944011243,4843031.841306012
12956872.944011243,4843031.841306012
12956872.944011243,4843031.841306012
12956872.944011243,4843031.841306012
12956872.944011243,4843031.841306012
12956872.944011243,4843031.841306012
12956872.944011243,4843031.841306012
12956872.944011243,4843033.291132987
12956872.944011243,4843033.291132987
12956872.944011243,4843033.291132987
12956872.944011243,4843033.291132987
12956872.944011243,4843033.291132987
12956872.944011243,4843033.291132987
12956872.944011243,4843033.291132987
12956872.944011243,4843033.291132987
12956872.944011243,4843033.291132987
12956872.944011243,4843033.291132987
12956872.944011243,4843033.291132987
12956872.944011243,4843033.291132987
12956872.944011243,4843033.291132987
12956872.944011243,4843033.291132987
12956872.944011243,4843033.291132987
12956895.207909402,4843055.038562952
12956908.566248296,4843066.637211688
12956908.566248296,4843066.637211688
12956908.566248296,4843066.637211688
12956907.45305339,4843068.087043733
12956907.45305339,4843068.087043733
12956907.45305339,4843068.087043733
12956907.45305339,4843068.087043733
12956908.566248296,4843069.536875985
12956908.566248296,4843069.536875985
12956908.566248296,4843069.536875985
12956908.566248296,4843069.536875985
12956908.566248296,4843069.536875985
12956908.566248296,4843069.536875985
12956907.45305339,4843069.536875985
12956907.45305339,4843069.536875985
12956907.45305339,4843069.536875985
12956907.45305339,4843069.536875985
12956907.45305339,4843069.536875985
12956906.33985848,4843069.536875985
12956906.33985848,4843068.087043733
12956906.33985848,4843068.087043733
12956905.226663573,4843068.087043733
12956905.226663573,4843068.087043733
12956905.226663573,4843068.087043733
12956905.226663573,4843068.087043733
12956905.226663573,4843068.087043733
12956904.113468664,4843068.087043733
12956904.113468664,4843068.087043733
12956904.113468664,4843068.087043733
12956904.113468664,4843068.087043733
12956904.113468664,4843068.087043733
12956904.113468664,4843068.087043733
12956904.113468664,4843068.087043733
12956904.113468664,4843068.087043733
12956904.113468664,4843068.087043733
12956904.113468664,4843068.087043733
12956904.113468664,4843066.637211688
12956904.113468664,4843066.637211688
12956904.113468664,4843066.637211688
12956903.000273757,4843066.637211688
12956903.000273757,4843066.637211688
12956903.000273757,4843066.637211688
12956903.000273757,4843066.637211688
12956903.000273757,4843066.637211688
12956903.000273757,4843066.637211688
12956903.000273757,4843066.637211688
12956901.887078848,4843066.637211688
12956901.887078848,4843066.637211688
12956901.887078848,4843066.637211688
12956901.887078848,4843066.637211688
12956901.887078848,4843066.637211688
12956901.887078848,4843066.637211688
12956901.887078848,4843066.637211688
12956901.887078848,4843065.187379858
12956901.887078848,4843065.187379858
12956901.887078848,4843065.187379858
12956901.887078848,4843065.187379858
12956901.887078848,4843065.187379858
12956901.887078848,4843065.187379858
12956901.887078848,4843065.187379858
12956901.887078848,4843065.187379858
12956900.77388394,4843065.187379858
12956900.77388394,4843065.187379858
12956900.77388394,4843065.187379858
12956900.77388394,4843065.187379858
12956900.77388394,4843065.187379858
12956899.660689035,4843065.187379858
12956899.660689035,4843065.187379858
12956899.660689035,4843065.187379858
12956899.660689035,4843065.187379858
12956899.660689035,4843065.187379858
12956899.660689035,4843065.187379858
12956899.660689035,4843065.187379858
12956899.660689035,4843065.187379858
12956899.660689035,4843065.187379858
12956899.660689035,4843065.187379858
12956899.660689035,4843065.187379858
12956899.660689035,4843065.187379858
12956899.660689035,4843065.187379858
12956899.660689035,4843065.187379858
12956899.660689035,4843065.187379858
12956899.660689035,4843065.187379858
12956898.547494125,4843065.187379858
12956898.547494125,4843065.187379858
12956898.547494125,4843065.187379858
12956898.547494125,4843065.187379858
12956898.547494125,4843065.187379858
12956898.547494125,4843065.187379858
12956898.547494125,4843065.187379858
12956898.547494125,4843065.187379858
12956898.547494125,4843065.187379858
12956898.547494125,4843065.187379858
12956897.434299216,4843065.187379858
12956897.434299216,4843065.187379858
12956897.434299216,4843065.187379858
12956897.434299216,4843065.187379858
12956897.434299216,4843065.187379858
12956897.434299216,4843065.187379858
12956897.434299216,4843065.187379858
12956897.434299216,4843063.7375482395
12956897.434299216,4843063.7375482395
12956897.434299216,4843063.7375482395
12956897.434299216,4843063.7375482395
12956897.434299216,4843063.7375482395
12956897.434299216,4843063.7375482395
12956897.434299216,4843063.7375482395
12956897.434299216,4843063.7375482395
12956897.434299216,4843063.7375482395
12956897.434299216,4843063.7375482395
12956897.434299216,4843063.7375482395
12956897.434299216,4843063.7375482395
12956897.434299216,4843063.7375482395
12956897.434299216,4843063.7375482395
12956897.434299216,4843063.7375482395
12956897.434299216,4843063.7375482395
12956897.434299216,4843063.7375482395
12956897.434299216,4843063.7375482395
12956897.434299216,4843063.7375482395
12956897.434299216,4843063.7375482395
12956897.434299216,4843063.7375482395
12956897.434299216,4843063.7375482395
12956897.434299216,4843063.7375482395
12956897.434299216,4843063.7375482395
12956897.434299216,4843063.7375482395
12956897.434299216,4843063.7375482395
12956897.434299216,4843063.7375482395
12956897.434299216,4843062.287716829
12956897.434299216,4843062.287716829
12956897.434299216,4843062.287716829
12956897.434299216,4843062.287716829
12956897.434299216,4843062.287716829
12956897.434299216,4843062.287716829
12956897.434299216,4843062.287716829
12956897.434299216,4843062.287716829
12956897.434299216,4843062.287716829
12956897.434299216,4843062.287716829
12956897.434299216,4843062.287716829
12956897.434299216,4843062.287716829
12956897.434299216,4843062.287716829
12956896.321104309,4843062.287716829
12956896.321104309,4843062.287716829
12956896.321104309,4843062.287716829
12956896.321104309,4843062.287716829
12956896.321104309,4843062.287716829
12956896.321104309,4843062.287716829
12956896.321104309,4843062.287716829
12956896.321104309,4843062.287716829
12956896.321104309,4843062.287716829
12956896.321104309,4843062.287716829
12956896.321104309,4843062.287716829
12956896.321104309,4843062.287716829
12956892.981519585,4843066.637211688
12956890.75512977,4843068.087043733
12956886.302350137,4843072.436541126
12956882.962765414,4843076.786040423
12956882.962765414,4843076.786040423
12956882.962765414,4843076.786040423
12956882.962765414,4843076.786040423
12956882.962765414,4843075.336207111
12956882.962765414,4843075.336207111
12956882.962765414,4843075.336207111
12956882.962765414,4843075.336207111
12956882.962765414,4843075.336207111
12956882.962765414,4843075.336207111
12956882.962765414,4843075.336207111
12956882.962765414,4843075.336207111
12956882.962765414,4843075.336207111
12956882.962765414,4843075.336207111
12956882.962765414,4843075.336207111
12956882.962765414,4843075.336207111
12956882.962765414,4843075.336207111
12956882.962765414,4843075.336207111
12956882.962765414,4843075.336207111
12956882.962765414,4843075.336207111
12956882.962765414,4843075.336207111
12956882.962765414,4843075.336207111
12956882.962765414,4843075.336207111
12956882.962765414,4843075.336207111
12956882.962765414,4843075.336207111
12956882.962765414,4843075.336207111
12956882.962765414,4843075.336207111
12956882.962765414,4843075.336207111
12956882.962765414,4843075.336207111
12956882.962765414,4843075.336207111
12956882.962765414,4843075.336207111
12956882.962765414,4843075.336207111
12956882.962765414,4843075.336207111
12956882.962765414,4843075.336207111
12956882.962765414,4843075.336207111
12956882.962765414,4843075.336207111
12956882.962765414,4843075.336207111
12956882.962765414,4843075.336207111
12956882.962765414,4843075.336207111
12956882.962765414,4843075.336207111
12956882.962765414,4843075.336207111
12956882.962765414,4843075.336207111
12956882.962765414,4843075.336207111
12956882.962765414,4843075.336207111
12956882.962765414,4843075.336207111
12956882.962765414,4843075.336207111
12956882.962765414,4843075.336207111
12956882.962765414,4843075.336207111
12956882.962765414,4843075.336207111
12956882.962765414,4843075.336207111
12956882.962765414,4843075.336207111
12956882.962765414,4843075.336207111
12956882.962765414,4843075.336207111
12956882.962765414,4843075.336207111
12956882.962765414,4843075.336207111
12956882.962765414,4843075.336207111
12956882.962765414,4843075.336207111
12956882.962765414,4843075.336207111
12956882.962765414,4843075.336207111
12956882.962765414,4843075.336207111
12956882.962765414,4843075.336207111
12956882.962765414,4843075.336207111
12956882.962765414,4843075.336207111
12956882.962765414,4843075.336207111
12956882.962765414,4843075.336207111
12956882.962765414,4843075.336207111
12956882.962765414,4843075.336207111
12956882.962765414,4843075.336207111
12956882.962765414,4843075.336207111
12956882.962765414,4843075.336207111
12956882.962765414,4843075.336207111
12956882.962765414,4843075.336207111
12956882.962765414,4843075.336207111
12956882.962765414,4843075.336207111
12956882.962765414,4843075.336207111
12956882.962765414,4843075.336207111
12956882.962765414,4843075.336207111
12956882.962765414,4843075.336207111
12956882.962765414,4843075.336207111
12956882.962765414,4843075.336207111
12956882.962765414,4843075.336207111
12956882.962765414,4843075.336207111
12956882.962765414,4843075.336207111
12956882.962765414,4843075.336207111
12956882.962765414,4843075.336207111
12956882.962765414,4843075.336207111
12956882.962765414,4843075.336207111
12956882.962765414,4843075.336207111
12956882.962765414,4843075.336207111
12956882.962765414,4843075.336207111
12956882.962765414,4843075.336207111
12956882.962765414,4843075.336207111
12956882.962765414,4843075.336207111
12956882.962765414,4843075.336207111
12956882.962765414,4843075.336207111
12956882.962765414,4843075.336207111
12956882.962765414,4843075.336207111
12956882.962765414,4843075.336207111
12956882.962765414,4843075.336207111
12956882.962765414,4843075.336207111
12956882.962765414,4843075.336207111
12956882.962765414,4843075.336207111
12956882.962765414,4843075.336207111
12956877.396790873,4843086.934879501
12956871.830816334,4843098.533565399
12956874.05720615,4843095.633892657
12956878.509985782,4843089.834549709
12956881.849570505,4843084.035210136
12956882.962765414,4843082.585375769
12956885.18915523,4843079.6857076725
12956887.415545044,4843078.235873942
12956887.415545044,4843076.786040423
12956887.415545044,4843075.336207111
12956887.415545044,4843073.886374015
12956886.302350137,4843072.436541126
12956886.302350137,4843072.436541126
12956886.302350137,4843072.436541126
12956885.18915523,4843072.436541126
12956885.18915523,4843072.436541126
12956886.302350137,4843070.986708451
12956886.302350137,4843070.986708451
12956887.415545044,4843070.986708451
12956887.415545044,4843069.536875985
12956887.415545044,4843069.536875985
12956888.528739953,4843069.536875985
12956888.528739953,4843068.087043733
12956888.528739953,4843068.087043733
12956888.528739953,4843068.087043733
12956888.528739953,4843068.087043733
12956888.528739953,4843068.087043733
12956889.641934862,4843068.087043733
12956889.641934862,4843066.637211688
12956889.641934862,4843066.637211688
12956889.641934862,4843066.637211688
12956890.75512977,4843065.187379858
12956890.75512977,4843065.187379858
12956890.75512977,4843065.187379858
12956890.75512977,4843065.187379858
12956891.868324677,4843065.187379858
12956891.868324677,4843065.187379858
12956891.868324677,4843063.7375482395
12956891.868324677,4843063.7375482395
12956891.868324677,4843063.7375482395
12956891.868324677,4843063.7375482395
12956891.868324677,4843063.7375482395
12956891.868324677,4843062.287716829
12956891.868324677,4843062.287716829
12956891.868324677,4843062.287716829
12956891.868324677,4843062.287716829
12956891.868324677,4843062.287716829
12956891.868324677,4843062.287716829
12956891.868324677,4843062.287716829
12956892.981519585,4843062.287716829
12956892.981519585,4843062.287716829
12956892.981519585,4843062.287716829
12956892.981519585,4843062.287716829
12956892.981519585,4843062.287716829
12956894.094714493,4843062.287716829
12956894.094714493,4843062.287716829
12956894.094714493,4843062.287716829
12956894.094714493,4843062.287716829
12956894.094714493,4843060.837885633
12956892.981519585,4843060.837885633
12956894.094714493,4843060.837885633
12956894.094714493,4843060.837885633
12956894.094714493,4843060.837885633
12956894.094714493,4843060.837885633
12956894.094714493,4843060.837885633
12956894.094714493,4843060.837885633
12956892.981519585,4843060.837885633
12956892.981519585,4843060.837885633
12956892.981519585,4843060.837885633
12956892.981519585,4843060.837885633
12956892.981519585,4843060.837885633
12956892.981519585,4843060.837885633
12956892.981519585,4843060.837885633
12956892.981519585,4843060.837885633
12956892.981519585,4843060.837885633
12956891.868324677,4843060.837885633
12956891.868324677,4843060.837885633
12956891.868324677,4843060.837885633
12956891.868324677,4843060.837885633
12956891.868324677,4843060.837885633
12956891.868324677,4843060.837885633
12956891.868324677,4843060.837885633
12956891.868324677,4843060.837885633
12956891.868324677,4843060.837885633
12956891.868324677,4843060.837885633
12956891.868324677,4843060.837885633
12956891.868324677,4843060.837885633
12956891.868324677,4843060.837885633
12956891.868324677,4843060.837885633
12956892.981519585,4843060.837885633
12956892.981519585,4843060.837885633
12956892.981519585,4843060.837885633
12956892.981519585,4843059.388054644
12956892.981519585,4843059.388054644
12956892.981519585,4843059.388054644
12956892.981519585,4843059.388054644
12956892.981519585,4843059.388054644
12956892.981519585,4843059.388054644
12956892.981519585,4843059.388054644
12956892.981519585,4843059.388054644
12956892.981519585,4843059.388054644
12956892.981519585,4843059.388054644
12956892.981519585,4843059.388054644
12956892.981519585,4843059.388054644
12956892.981519585,4843059.388054644
12956892.981519585,4843059.388054644
12956892.981519585,4843059.388054644
12956892.981519585,4843059.388054644
12956894.094714493,4843057.93822387
12956894.094714493,4843057.93822387
12956894.094714493,4843057.93822387
12956894.094714493,4843057.93822387
12956894.094714493,4843057.93822387
12956894.094714493,4843057.93822387
12956894.094714493,4843057.93822387
12956894.094714493,4843057.93822387
12956894.094714493,4843057.93822387
12956894.094714493,4843057.93822387
12956894.094714493,4843057.93822387
12956894.094714493,4843057.93822387
12956894.094714493,4843057.93822387
12956894.094714493,4843057.93822387
12956894.094714493,4843057.93822387
12956894.094714493,4843057.93822387
12956894.094714493,4843057.93822387
12956894.094714493,4843057.93822387
12956894.094714493,4843057.93822387
12956894.094714493,4843057.93822387
12956894.094714493,4843057.93822387
12956894.094714493,4843057.93822387
12956894.094714493,4843057.93822387
12956892.981519585,4843057.93822387
12956892.981519585,4843059.388054644
12956892.981519585,4843059.388054644
12956892.981519585,4843059.388054644
12956892.981519585,4843059.388054644
12956892.981519585,4843059.388054644
12956892.981519585,4843059.388054644
12956892.981519585,4843059.388054644
12956892.981519585,4843059.388054644
12956892.981519585,4843059.388054644
12956892.981519585,4843059.388054644
12956892.981519585,4843059.388054644
12956892.981519585,4843059.388054644
12956892.981519585,4843059.388054644
12956892.981519585,4843059.388054644
12956892.981519585,4843059.388054644
12956892.981519585,4843059.388054644
12956892.981519585,4843059.388054644
12956892.981519585,4843059.388054644
12956892.981519585,4843059.388054644
12956892.981519585,4843059.388054644
12956892.981519585,4843059.388054644
12956892.981519585,4843059.388054644
12956892.981519585,4843059.388054644
12956892.981519585,4843059.388054644
12956892.981519585,4843059.388054644
12956892.981519585,4843059.388054644
12956891.868324677,4843059.388054644
12956891.868324677,4843059.388054644
12956891.868324677,4843060.837885633
12956891.868324677,4843060.837885633
12956891.868324677,4843060.837885633
12956891.868324677,4843060.837885633
12956891.868324677,4843060.837885633
12956891.868324677,4843060.837885633
12956891.868324677,4843060.837885633
12956891.868324677,4843060.837885633
12956891.868324677,4843060.837885633
12956891.868324677,4843060.837885633
12956891.868324677,4843060.837885633
12956891.868324677,4843059.388054644
12956892.981519585,4843059.388054644
12956892.981519585,4843059.388054644
12956892.981519585,4843059.388054644
12956892.981519585,4843059.388054644
12956892.981519585,4843059.388054644
12956892.981519585,4843059.388054644
12956892.981519585,4843059.388054644
12956892.981519585,4843059.388054644
12956892.981519585,4843059.388054644
12956892.981519585,4843059.388054644
12956892.981519585,4843059.388054644
12956892.981519585,4843059.388054644
12956892.981519585,4843059.388054644
12956892.981519585,4843059.388054644
12956892.981519585,4843059.388054644
12956892.981519585,4843059.388054644
12956892.981519585,4843059.388054644
12956892.981519585,4843059.388054644
12956892.981519585,4843059.388054644
12956892.981519585,4843059.388054644
12956892.981519585,4843059.388054644
12956892.981519585,4843059.388054644
12956892.981519585,4843059.388054644
12956892.981519585,4843059.388054644
12956892.981519585,4843059.388054644
12956892.981519585,4843059.388054644
12956892.981519585,4843059.388054644
12956892.981519585,4843060.837885633
12956892.981519585,4843060.837885633
12956892.981519585,4843060.837885633
12956892.981519585,4843060.837885633
12956892.981519585,4843060.837885633
12956892.981519585,4843060.837885633
12956892.981519585,4843060.837885633
12956892.981519585,4843060.837885633
12956892.981519585,4843060.837885633
12956892.981519585,4843060.837885633
12956892.981519585,4843060.837885633
12956892.981519585,4843060.837885633
12956892.981519585,4843060.837885633
12956892.981519585,4843060.837885633
12956892.981519585,4843060.837885633
12956892.981519585,4843060.837885633
12956892.981519585,4843060.837885633
12956892.981519585,4843060.837885633
12956892.981519585,4843060.837885633
12956892.981519585,4843060.837885633
12956892.981519585,4843060.837885633
12956892.981519585,4843060.837885633
12956892.981519585,4843060.837885633
12956892.981519585,4843060.837885633
12956892.981519585,4843060.837885633
12956892.981519585,4843060.837885633
12956892.981519585,4843060.837885633
12956892.981519585,4843060.837885633
12956892.981519585,4843060.837885633
12956892.981519585,4843060.837885633
12956892.981519585,4843060.837885633
12956892.981519585,4843060.837885633
12956892.981519585,4843060.837885633
12956892.981519585,4843060.837885633
12956892.981519585,4843060.837885633
12956892.981519585,4843060.837885633
12956892.981519585,4843060.837885633
12956892.981519585,4843060.837885633
12956892.981519585,4843060.837885633
12956892.981519585,4843060.837885633
12956892.981519585,4843060.837885633
12956892.981519585,4843060.837885633
12956892.981519585,4843060.837885633
12956892.981519585,4843060.837885633
12956892.981519585,4843060.837885633
12956892.981519585,4843060.837885633
12956892.981519585,4843060.837885633
12956892.981519585,4843060.837885633
12956892.981519585,4843060.837885633
12956892.981519585,4843060.837885633
12956892.981519585,4843060.837885633
12956892.981519585,4843060.837885633
12956892.981519585,4843060.837885633
12956892.981519585,4843060.837885633
12956892.981519585,4843060.837885633
12956892.981519585,4843060.837885633
12956892.981519585,4843060.837885633
12956892.981519585,4843060.837885633
12956892.981519585,4843060.837885633
12956892.981519585,4843060.837885633
12956892.981519585,4843060.837885633
12956892.981519585,4843060.837885633
12956892.981519585,4843060.837885633
12956892.981519585,4843060.837885633
12956892.981519585,4843060.837885633
12956892.981519585,4843060.837885633
12956892.981519585,4843060.837885633
12956892.981519585,4843060.837885633
12956892.981519585,4843060.837885633
12956892.981519585,4843060.837885633
12956892.981519585,4843060.837885633
12956892.981519585,4843060.837885633
12956892.981519585,4843060.837885633
12956892.981519585,4843060.837885633
12956892.981519585,4843060.837885633
12956892.981519585,4843060.837885633
12956892.981519585,4843060.837885633
12956892.981519585,4843060.837885633
12956892.981519585,4843060.837885633
12956892.981519585,4843060.837885633
12956892.981519585,4843060.837885633
12956892.981519585,4843060.837885633
12956892.981519585,4843060.837885633
12956892.981519585,4843060.837885633
12956892.981519585,4843060.837885633
12956892.981519585,4843060.837885633
12956892.981519585,4843060.837885633
12956892.981519585,4843060.837885633
12956892.981519585,4843060.837885633
12956892.981519585,4843060.837885633
12956892.981519585,4843060.837885633
12956892.981519585,4843060.837885633
12956892.981519585,4843060.837885633
12956892.981519585,4843060.837885633
12956892.981519585,4843059.388054644
12956892.981519585,4843059.388054644
12956892.981519585,4843059.388054644
12956892.981519585,4843059.388054644
12956892.981519585,4843059.388054644
12956894.094714493,4843059.388054644
12956894.094714493,4843059.388054644
12956894.094714493,4843059.388054644
12956894.094714493,4843059.388054644
12956894.094714493,4843059.388054644
12956894.094714493,4843059.388054644
12956894.094714493,4843059.388054644
12956894.094714493,4843059.388054644
12956894.094714493,4843059.388054644
12956894.094714493,4843059.388054644
12956894.094714493,4843059.388054644
12956894.094714493,4843059.388054644
12956894.094714493,4843059.388054644
12956894.094714493,4843059.388054644
12956894.094714493,4843059.388054644
12956894.094714493,4843059.388054644
12956894.094714493,4843059.388054644
12956894.094714493,4843059.388054644
12956894.094714493,4843059.388054644
12956894.094714493,4843059.388054644
12956894.094714493,4843059.388054644
12956894.094714493,4843059.388054644
12956894.094714493,4843059.388054644
12956894.094714493,4843059.388054644
12956894.094714493,4843059.388054644
12956894.094714493,4843059.388054644
12956894.094714493,4843059.388054644
12956894.094714493,4843059.388054644
12956894.094714493,4843059.388054644
12956894.094714493,4843059.388054644
12956894.094714493,4843059.388054644
12956894.094714493,4843059.388054644
12956894.094714493,4843059.388054644
12956894.094714493,4843059.388054644
12956894.094714493,4843059.388054644
12956894.094714493,4843059.388054644
12956894.094714493,4843059.388054644
12956894.094714493,4843059.388054644
12956894.094714493,4843059.388054644
12956894.094714493,4843059.388054644
12956894.094714493,4843059.388054644
12956894.094714493,4843059.388054644
12956894.094714493,4843059.388054644
12956894.094714493,4843059.388054644
12956894.094714493,4843059.388054644
12956894.094714493,4843059.388054644
12956894.094714493,4843059.388054644
12956894.094714493,4843059.388054644
12956894.094714493,4843059.388054644
12956894.094714493,4843059.388054644
12956894.094714493,4843059.388054644
12956894.094714493,4843059.388054644
12956894.094714493,4843059.388054644
12956894.094714493,4843059.388054644
12956894.094714493,4843059.388054644
12956894.094714493,4843059.388054644
12956894.094714493,4843059.388054644
12956894.094714493,4843059.388054644
12956894.094714493,4843059.388054644
12956894.094714493,4843059.388054644
12956894.094714493,4843059.388054644
12956895.207909402,4843059.388054644
12956895.207909402,4843059.388054644
12956895.207909402,4843059.388054644
12956895.207909402,4843059.388054644
12956895.207909402,4843059.388054644
12956895.207909402,4843059.388054644
12956895.207909402,4843057.93822387
12956895.207909402,4843057.93822387
12956895.207909402,4843057.93822387
12956895.207909402,4843057.93822387
12956895.207909402,4843057.93822387
12956895.207909402,4843057.93822387
12956895.207909402,4843057.93822387
12956895.207909402,4843057.93822387
12956896.321104309,4843057.93822387
12956896.321104309,4843057.93822387
12956896.321104309,4843057.93822387
12956896.321104309,4843057.93822387
12956896.321104309,4843057.93822387
12956896.321104309,4843057.93822387
12956896.321104309,4843057.93822387
12956896.321104309,4843057.93822387
12956896.321104309,4843057.93822387
12956896.321104309,4843057.93822387
12956896.321104309,4843057.93822387
12956896.321104309,4843057.93822387
12956896.321104309,4843057.93822387
12956896.321104309,4843057.93822387
12956896.321104309,4843057.93822387
12956896.321104309,4843057.93822387
12956896.321104309,4843057.93822387
12956896.321104309,4843057.93822387
12956896.321104309,4843057.93822387
12956896.321104309,4843057.93822387
12956896.321104309,4843057.93822387
12956896.321104309,4843057.93822387
12956896.321104309,4843057.93822387
12956896.321104309,4843057.93822387
12956896.321104309,4843057.93822387
12956896.321104309,4843057.93822387
12956896.321104309,4843057.93822387
12956896.321104309,4843057.93822387
12956896.321104309,4843057.93822387
12956896.321104309,4843057.93822387
12956896.321104309,4843057.93822387
12956896.321104309,4843057.93822387
12956896.321104309,4843057.93822387
12956896.321104309,4843057.93822387
12956896.321104309,4843057.93822387
12956896.321104309,4843057.93822387
12956896.321104309,4843057.93822387
12956896.321104309,4843057.93822387
12956896.321104309,4843057.93822387
12956896.321104309,4843057.93822387
12956896.321104309,4843057.93822387
12956896.321104309,4843057.93822387
12956896.321104309,4843057.93822387
12956896.321104309,4843057.93822387
12956896.321104309,4843057.93822387
12956896.321104309,4843057.93822387
12956896.321104309,4843057.93822387
12956896.321104309,4843057.93822387
12956896.321104309,4843057.93822387
12956896.321104309,4843057.93822387
12956896.321104309,4843057.93822387
12956896.321104309,4843057.93822387
12956896.321104309,4843057.93822387
12956896.321104309,4843057.93822387
12956897.434299216,4843057.93822387
12956897.434299216,4843057.93822387
12956897.434299216,4843057.93822387
12956897.434299216,4843057.93822387
12956897.434299216,4843057.93822387
12956897.434299216,4843057.93822387
12956897.434299216,4843057.93822387
12956897.434299216,4843057.93822387
12956897.434299216,4843057.93822387
12956897.434299216,4843057.93822387
12956897.434299216,4843057.93822387
12956897.434299216,4843057.93822387
12956897.434299216,4843057.93822387
12956897.434299216,4843057.93822387
12956897.434299216,4843057.93822387
12956897.434299216,4843057.93822387
12956897.434299216,4843057.93822387
12956897.434299216,4843057.93822387
12956897.434299216,4843057.93822387
12956897.434299216,4843057.93822387
12956897.434299216,4843057.93822387
12956897.434299216,4843057.93822387
12956897.434299216,4843057.93822387
12956897.434299216,4843057.93822387
12956897.434299216,4843057.93822387
12956897.434299216,4843057.93822387
12956897.434299216,4843057.93822387
12956897.434299216,4843057.93822387
12956897.434299216,4843057.93822387
12956897.434299216,4843057.93822387
12956897.434299216,4843057.93822387
12956897.434299216,4843057.93822387
12956897.434299216,4843057.93822387
12956897.434299216,4843057.93822387
12956897.434299216,4843057.93822387
12956897.434299216,4843057.93822387
12956897.434299216,4843057.93822387
12956897.434299216,4843057.93822387
12956897.434299216,4843057.93822387
12956897.434299216,4843057.93822387
12956897.434299216,4843057.93822387
12956897.434299216,4843057.93822387
12956897.434299216,4843057.93822387
12956897.434299216,4843057.93822387
12956897.434299216,4843057.93822387
12956897.434299216,4843057.93822387
12956897.434299216,4843057.93822387
12956897.434299216,4843057.93822387
12956897.434299216,4843057.93822387
12956897.434299216,4843057.93822387
12956897.434299216,4843057.93822387
12956897.434299216,4843057.93822387
12956897.434299216,4843057.93822387
12956897.434299216,4843057.93822387
12956897.434299216,4843057.93822387
12956897.434299216,4843057.93822387
12956897.434299216,4843057.93822387
12956897.434299216,4843057.93822387
12956897.434299216,4843057.93822387
12956896.321104309,4843057.93822387
12956896.321104309,4843057.93822387
12956896.321104309,4843057.93822387
12956896.321104309,4843057.93822387
12956896.321104309,4843057.93822387
12956896.321104309,4843057.93822387
12956896.321104309,4843057.93822387
12956896.321104309,4843057.93822387
12956896.321104309,4843057.93822387
12956896.321104309,4843057.93822387
12956896.321104309,4843057.93822387
12956896.321104309,4843057.93822387
12956896.321104309,4843057.93822387
12956896.321104309,4843057.93822387
12956896.321104309,4843057.93822387
12956896.321104309,4843057.93822387
12956896.321104309,4843057.93822387
12956896.321104309,4843057.93822387
12956896.321104309,4843057.93822387
12956896.321104309,4843057.93822387
12956896.321104309,4843057.93822387
12956896.321104309,4843057.93822387
12956896.321104309,4843057.93822387
12956896.321104309,4843057.93822387
12956896.321104309,4843057.93822387
12956896.321104309,4843057.93822387
12956896.321104309,4843057.93822387
12956896.321104309,4843057.93822387
12956896.321104309,4843057.93822387
12956896.321104309,4843057.93822387
12956896.321104309,4843057.93822387
12956896.321104309,4843057.93822387
12956896.321104309,4843057.93822387
12956896.321104309,4843057.93822387
12956896.321104309,4843057.93822387
12956896.321104309,4843057.93822387
12956896.321104309,4843057.93822387
12956896.321104309,4843057.93822387
12956896.321104309,4843057.93822387
12956896.321104309,4843057.93822387
12956896.321104309,4843057.93822387
12956896.321104309,4843057.93822387
12956896.321104309,4843057.93822387
12956896.321104309,4843057.93822387
12956896.321104309,4843057.93822387
12956896.321104309,4843057.93822387
12956896.321104309,4843057.93822387
12956896.321104309,4843057.93822387
12956896.321104309,4843057.93822387
12956896.321104309,4843057.93822387
12956896.321104309,4843057.93822387
12956896.321104309,4843057.93822387
12956896.321104309,4843057.93822387
12956896.321104309,4843057.93822387
12956896.321104309,4843057.93822387
12956896.321104309,4843057.93822387
12956896.321104309,4843057.93822387
12956896.321104309,4843057.93822387
12956896.321104309,4843057.93822387
12956896.321104309,4843057.93822387
12956896.321104309,4843057.93822387
12956896.321104309,4843057.93822387
12956896.321104309,4843057.93822387
12956896.321104309,4843057.93822387
12956896.321104309,4843057.93822387
12956896.321104309,4843057.93822387
12956896.321104309,4843057.93822387
12956896.321104309,4843057.93822387
12956896.321104309,4843057.93822387
12956896.321104309,4843057.93822387
12956896.321104309,4843057.93822387
12956896.321104309,4843057.93822387
12956896.321104309,4843057.93822387
12956897.434299216,4843057.93822387
12956897.434299216,4843057.93822387
12956897.434299216,4843057.93822387
12956897.434299216,4843057.93822387
12956897.434299216,4843057.93822387
12956897.434299216,4843057.93822387
12956897.434299216,4843057.93822387
12956897.434299216,4843057.93822387
12956897.434299216,4843057.93822387
12956897.434299216,4843057.93822387
12956897.434299216,4843057.93822387
12956897.434299216,4843057.93822387
12956897.434299216,4843057.93822387
12956897.434299216,4843057.93822387
12956897.434299216,4843057.93822387
12956897.434299216,4843057.93822387
12956897.434299216,4843057.93822387
12956897.434299216,4843057.93822387
12956897.434299216,4843057.93822387
12956897.434299216,4843057.93822387
12956897.434299216,4843057.93822387
12956897.434299216,4843057.93822387
12956897.434299216,4843057.93822387
12956897.434299216,4843057.93822387
12956897.434299216,4843057.93822387
12956897.434299216,4843057.93822387
12956897.434299216,4843057.93822387
12956897.434299216,4843057.93822387
12956897.434299216,4843057.93822387
12956897.434299216,4843057.93822387
12956897.434299216,4843059.388054644
12956897.434299216,4843059.388054644
12956897.434299216,4843059.388054644
12956897.434299216,4843059.388054644
12956897.434299216,4843059.388054644
12956897.434299216,4843059.388054644
12956897.434299216,4843059.388054644
12956897.434299216,4843059.388054644
12956897.434299216,4843059.388054644
12956897.434299216,4843059.388054644
12956897.434299216,4843059.388054644
12956897.434299216,4843059.388054644
12956897.434299216,4843059.388054644
12956897.434299216,4843059.388054644
12956897.434299216,4843059.388054644
12956897.434299216,4843059.388054644
12956897.434299216,4843059.388054644
12956897.434299216,4843059.388054644
12956897.434299216,4843059.388054644
12956897.434299216,4843059.388054644
12956897.434299216,4843059.388054644
12956897.434299216,4843059.388054644
12956897.434299216,4843059.388054644
12956897.434299216,4843059.388054644
12956897.434299216,4843059.388054644
12956897.434299216,4843059.388054644
12956897.434299216,4843059.388054644
12956897.434299216,4843059.388054644
12956897.434299216,4843059.388054644
12956897.434299216,4843059.388054644
12956897.434299216,4843059.388054644
12956897.434299216,4843059.388054644
12956897.434299216,4843059.388054644
12956897.434299216,4843059.388054644
12956897.434299216,4843059.388054644
12956897.434299216,4843059.388054644
12956897.434299216,4843059.388054644
12956897.434299216,4843059.388054644
12956897.434299216,4843059.388054644
12956897.434299216,4843059.388054644
12956897.434299216,4843059.388054644
12956897.434299216,4843059.388054644
12956897.434299216,4843059.388054644
12956897.434299216,4843059.388054644
12956897.434299216,4843059.388054644
12956897.434299216,4843059.388054644
12956897.434299216,4843059.388054644
12956897.434299216,4843059.388054644
12956897.434299216,4843059.388054644
12956897.434299216,4843059.388054644
12956897.434299216,4843059.388054644
12956898.547494125,4843059.388054644
12956898.547494125,4843059.388054644
12956898.547494125,4843059.388054644
12956898.547494125,4843059.388054644
12956898.547494125,4843059.388054644
12956898.547494125,4843059.388054644
12956898.547494125,4843059.388054644
12956898.547494125,4843059.388054644
12956898.547494125,4843059.388054644
12956898.547494125,4843059.388054644
12956898.547494125,4843059.388054644
12956898.547494125,4843059.388054644
12956898.547494125,4843059.388054644
12956898.547494125,4843059.388054644
12956898.547494125,4843059.388054644
12956898.547494125,4843059.388054644
12956898.547494125,4843059.388054644
12956898.547494125,4843059.388054644
12956898.547494125,4843059.388054644
12956898.547494125,4843059.388054644
12956898.547494125,4843059.388054644
12956898.547494125,4843059.388054644
12956898.547494125,4843059.388054644
12956898.547494125,4843059.388054644
12956898.547494125,4843059.388054644
12956898.547494125,4843059.388054644
12956898.547494125,4843059.388054644
12956898.547494125,4843059.388054644
12956898.547494125,4843059.388054644
12956898.547494125,4843059.388054644
12956898.547494125,4843059.388054644
12956898.547494125,4843059.388054644
12956898.547494125,4843059.388054644
12956898.547494125,4843059.388054644
12956898.547494125,4843059.388054644
12956898.547494125,4843059.388054644
12956898.547494125,4843059.388054644
12956898.547494125,4843059.388054644
12956898.547494125,4843059.388054644
12956898.547494125,4843059.388054644
12956898.547494125,4843059.388054644
12956898.547494125,4843059.388054644
12956898.547494125,4843059.388054644
12956898.547494125,4843059.388054644
12956898.547494125,4843059.388054644
12956898.547494125,4843059.388054644
12956898.547494125,4843059.388054644
12956898.547494125,4843059.388054644
12956898.547494125,4843059.388054644
12956898.547494125,4843059.388054644
12956898.547494125,4843059.388054644
12956898.547494125,4843059.388054644
12956898.547494125,4843059.388054644
12956898.547494125,4843059.388054644
12956898.547494125,4843059.388054644
12956898.547494125,4843059.388054644
12956898.547494125,4843059.388054644
12956898.547494125,4843059.388054644
12956898.547494125,4843059.388054644
12956898.547494125,4843059.388054644
12956898.547494125,4843059.388054644
12956898.547494125,4843059.388054644
12956898.547494125,4843059.388054644
12956898.547494125,4843059.388054644
12956898.547494125,4843059.388054644
12956898.547494125,4843059.388054644
12956898.547494125,4843059.388054644
12956898.547494125,4843059.388054644
12956898.547494125,4843059.388054644
12956898.547494125,4843059.388054644
12956898.547494125,4843059.388054644
12956898.547494125,4843059.388054644
12956898.547494125,4843059.388054644
12956898.547494125,4843059.388054644
12956898.547494125,4843059.388054644
12956898.547494125,4843059.388054644
12956898.547494125,4843059.388054644
12956898.547494125,4843059.388054644
12956898.547494125,4843059.388054644
12956898.547494125,4843059.388054644
12956898.547494125,4843059.388054644
12956898.547494125,4843059.388054644
12956898.547494125,4843059.388054644
12956898.547494125,4843059.388054644
12956898.547494125,4843059.388054644
12956898.547494125,4843059.388054644
12956898.547494125,4843059.388054644
12956898.547494125,4843059.388054644
12956898.547494125,4843059.388054644
12956898.547494125,4843059.388054644
12956898.547494125,4843059.388054644
12956898.547494125,4843059.388054644
12956898.547494125,4843059.388054644
12956898.547494125,4843059.388054644
12956898.547494125,4843059.388054644
12956898.547494125,4843059.388054644
12956898.547494125,4843059.388054644
12956898.547494125,4843059.388054644
12956898.547494125,4843059.388054644
12956899.660689035,4843059.388054644
12956899.660689035,4843059.388054644
12956899.660689035,4843059.388054644
12956899.660689035,4843059.388054644
12956899.660689035,4843059.388054644
12956899.660689035,4843059.388054644
12956899.660689035,4843059.388054644
12956899.660689035,4843059.388054644
12956899.660689035,4843059.388054644
12956899.660689035,4843059.388054644
12956899.660689035,4843059.388054644
12956899.660689035,4843059.388054644
12956899.660689035,4843059.388054644
12956899.660689035,4843059.388054644
12956899.660689035,4843059.388054644
12956899.660689035,4843059.388054644
12956899.660689035,4843059.388054644
12956899.660689035,4843059.388054644
12956899.660689035,4843059.388054644
12956899.660689035,4843059.388054644
12956899.660689035,4843059.388054644
12956899.660689035,4843059.388054644
12956899.660689035,4843059.388054644
12956899.660689035,4843059.388054644
12956899.660689035,4843059.388054644
12956899.660689035,4843059.388054644
12956899.660689035,4843059.388054644
12956899.660689035,4843059.388054644
12956899.660689035,4843059.388054644
12956899.660689035,4843059.388054644
12956899.660689035,4843059.388054644
12956899.660689035,4843059.388054644
12956899.660689035,4843059.388054644
12956899.660689035,4843059.388054644
12956899.660689035,4843059.388054644
12956899.660689035,4843059.388054644
12956899.660689035,4843059.388054644
12956899.660689035,4843059.388054644
12956899.660689035,4843059.388054644
12956899.660689035,4843059.388054644
12956899.660689035,4843059.388054644
12956899.660689035,4843059.388054644
12956899.660689035,4843059.388054644
12956899.660689035,4843056.488393303
12956897.434299216,4843056.488393303
12956897.434299216,4843056.488393303
12956897.434299216,4843056.488393303
12956897.434299216,4843056.488393303
12956897.434299216,4843056.488393303
12956897.434299216,4843056.488393303
12956897.434299216,4843056.488393303
12956897.434299216,4843056.488393303
12956897.434299216,4843056.488393303
12956897.434299216,4843056.488393303
12956897.434299216,4843056.488393303
12956897.434299216,4843056.488393303
12956896.321104309,4843056.488393303
12956896.321104309,4843056.488393303
12956896.321104309,4843056.488393303
12956896.321104309,4843056.488393303
12956896.321104309,4843056.488393303
12956896.321104309,4843056.488393303
12956897.434299216,4843055.038562952
12956897.434299216,4843055.038562952
12951795.662036164,4824711.28394326
12956897.434299216,4843055.038562952
12956897.434299216,4843055.038562952
12956897.434299216,4843055.038562952
12956897.434299216,4843055.038562952
12956897.434299216,4843055.038562952
12956897.434299216,4843055.038562952
12956897.434299216,4843055.038562952
12956897.434299216,4843055.038562952
12956897.434299216,4843055.038562952
12956897.434299216,4843056.488393303
12956684.8140718,4843494.346821008
12956632.493911128,4843603.089482158
12956601.324453708,4843917.724939311
12956583.513335181,4844097.521094395
12956583.513335181,4844097.521094395
12956599.098063892,4844010.522549308
12956630.267521314,4843835.077796261
12954323.727672078,4838705.048296895
12954323.727672078,4838705.048296895
12954323.727672078,4838705.048296895
12954323.727672078,4838705.048296895
12954323.727672078,4838705.048296895
12954323.727672078,4838705.048296895
12954323.727672078,4838705.048296895
12954323.727672078,4838705.048296895
12954323.727672078,4838705.048296895
12954323.727672078,4838705.048296895
12954323.727672078,4838705.048296895
12954323.727672078,4838705.048296895
12956910.792638112,4842998.495343861
12956910.792638112,4842998.495343861
12956910.792638112,4842998.495343861
12956910.792638112,4842998.495343861
12956910.792638112,4842998.495343861
12956910.792638112,4842998.495343861
12956910.792638112,4842998.495343861
12956910.792638112,4842998.495343861
12956910.792638112,4842998.495343861
12956910.792638112,4842998.495343861
12956941.962095533,4843091.284385128
12956937.509315904,4843068.087043733
12956923.037782101,4843078.235873942
12956921.92458719,4843078.235873942
12956921.92458719,4843078.235873942
12956921.92458719,4843078.235873942
12956920.811392283,4843005.744456567
12956920.811392283,4843005.744456567
12956919.698197378,4843004.294633605
12955900.01166171,4857863.021478828
12955900.01166171,4857863.021478828
12956919.698197378,4843004.294633605
12956919.698197378,4843004.294633605
12956919.698197378,4843004.294633605
12956919.698197378,4843004.294633605
12956919.698197378,4843004.294633605
12956919.698197378,4843004.294633605
12956919.698197378,4843004.294633605
12956930.830146456,4843014.443398778
12956930.830146456,4843014.443398778
12956930.830146456,4843014.443398778
12956930.830146456,4843014.443398778
12956930.830146456,4843014.443398778
12956930.830146456,4843014.443398778
12956882.962765414,4843110.132264815
12956882.962765414,4843108.682426648
12956882.962765414,4843108.682426648
12956882.962765414,4843108.682426648
12956882.962765414,4843107.232588695
12956882.962765414,4843107.232588695
12956881.849570505,4843107.232588695
12956881.849570505,4843107.232588695
12956880.736375598,4843107.232588695
12956880.736375598,4843107.232588695
12956880.736375598,4843107.232588695
12956880.736375598,4843107.232588695
12956880.736375598,4843107.232588695
12956880.736375598,4843107.232588695
12956880.736375598,4843107.232588695
12956880.736375598,4843107.232588695
12956880.736375598,4843107.232588695
12956880.736375598,4843107.232588695
12956880.736375598,4843107.232588695
12956880.736375598,4843107.232588695
12956880.736375598,4843107.232588695
12127581.699423132,3308196.9525394193
12127581.699423132,3308196.9525394193
12956889.641934862,4860216.977307857
12956889.641934862,4860216.977307857
12956889.641934862,4860216.977307857
12956889.641934862,4843015.893223221
12956889.641934862,4843015.893223221
12956889.641934862,4843015.893223221
12956889.641934862,4843015.893223221
12956889.641934862,4843017.343047873
12956889.641934862,4843017.343047873
12956889.641934862,4843017.343047873
12956889.641934862,4843018.792872739
12956890.75512977,4843018.792872739
12956890.75512977,4843018.792872739
12956890.75512977,4843018.792872739
12956890.75512977,4843018.792872739
12956890.75512977,4843018.792872739
12956890.75512977,4843018.792872739
12956890.75512977,4843018.792872739
12956890.75512977,4843018.792872739
12956890.75512977,4843018.792872739
12956890.75512977,4843018.792872739
12956890.75512977,4843018.792872739
12956890.75512977,4843018.792872739
12956890.75512977,4843018.792872739
12956890.75512977,4843018.792872739
12956841.77455382,4843110.132264815
12956858.47247744,4843099.98340209
12956933.056536272,4843062.287716829
12956933.056536272,4843062.287716829
12956933.056536272,4843062.287716829
12956933.056536272,4843062.287716829
12956933.056536272,4843062.287716829
12956933.056536272,4843062.287716829
12956933.056536272,4843062.287716829
12956933.056536272,4843062.287716829
12956933.056536272,4843062.287716829
12956933.056536272,4843062.287716829
12956931.943341361,4843062.287716829
12956931.943341361,4843062.287716829
12956931.943341361,4843062.287716829
12956931.943341361,4843062.287716829
12956931.943341361,4843062.287716829
12956931.943341361,4843062.287716829
12956931.943341361,4843062.287716829
12956931.943341361,4843062.287716829
12956931.943341361,4843062.287716829
12956931.943341361,4843062.287716829
12956931.943341361,4843062.287716829
12956931.943341361,4843062.287716829
12956931.943341361,4843062.287716829
12956931.943341361,4843062.287716829
12956931.943341361,4843062.287716829
12956931.943341361,4843062.287716829
12956931.943341361,4843062.287716829
12956931.943341361,4843062.287716829
12956931.943341361,4843062.287716829
12956931.943341361,4843062.287716829
12956931.943341361,4843062.287716829
12956931.943341361,4843062.287716829
12956931.943341361,4843062.287716829
12956931.943341361,4843062.287716829
12956931.943341361,4843062.287716829
12956931.943341361,4843062.287716829
12956931.943341361,4843062.287716829
12956931.943341361,4843062.287716829
12956931.943341361,4843062.287716829
12956931.943341361,4843062.287716829
12956931.943341361,4843062.287716829
12956931.943341361,4843062.287716829
12956931.943341361,4843062.287716829
12956931.943341361,4843062.287716829
12956931.943341361,4843062.287716829
12956869.60442652,4843082.585375769
12956869.60442652,4843082.585375769
12956870.717621427,4843081.135541617
12956870.717621427,4843081.135541617
12956870.717621427,4843081.135541617
12956870.717621427,4843081.135541617
12956870.717621427,4843081.135541617
12956870.717621427,4843081.135541617
12956870.717621427,4843081.135541617
12956870.717621427,4843081.135541617
12956870.717621427,4843081.135541617
12956870.717621427,4843081.135541617
12956870.717621427,4843081.135541617
12956870.717621427,4843081.135541617
12956870.717621427,4843081.135541617
12956870.717621427,4843081.135541617
12956870.717621427,4843081.135541617
12956870.717621427,4843081.135541617
12956870.717621427,4843081.135541617
12956870.717621427,4843081.135541617
12956870.717621427,4843081.135541617
12956870.717621427,4843081.135541617
12956870.717621427,4843081.135541617
12956870.717621427,4843081.135541617
12956870.717621427,4843081.135541617
12956870.717621427,4843081.135541617
12956870.717621427,4843081.135541617
12956870.717621427,4843081.135541617
12956870.717621427,4843081.135541617
12956870.717621427,4843081.135541617
12956870.717621427,4843081.135541617
12956870.717621427,4843081.135541617
12956870.717621427,4843081.135541617
12956870.717621427,4843081.135541617
12956870.717621427,4843081.135541617
12956870.717621427,4843081.135541617
12956870.717621427,4843081.135541617
12956870.717621427,4843081.135541617
12956870.717621427,4843081.135541617
12956870.717621427,4843081.135541617
12956870.717621427,4843081.135541617
12956870.717621427,4843081.135541617
12956870.717621427,4843081.135541617
12956870.717621427,4843081.135541617
12956870.717621427,4843081.135541617
12956870.717621427,4843081.135541617
12956870.717621427,4843081.135541617
12956870.717621427,4843081.135541617
12956870.717621427,4843081.135541617
12956870.717621427,4843081.135541617
12956870.717621427,4843081.135541617
12956870.717621427,4843081.135541617
12956870.717621427,4843081.135541617
12956870.717621427,4843081.135541617
12956870.717621427,4843081.135541617
12956870.717621427,4843081.135541617
12956870.717621427,4843081.135541617
12956870.717621427,4843081.135541617
12956870.717621427,4843081.135541617
12956899.660689035,4843097.083728925
12956899.660689035,4843095.633892657
12956898.547494125,4843095.633892657
12956898.547494125,4843095.633892657
12956898.547494125,4843095.633892657
12956898.547494125,4843095.633892657
12956898.547494125,4843095.633892657
12956898.547494125,4843095.633892657
12956898.547494125,4843095.633892657
12956898.547494125,4843095.633892657
12956898.547494125,4843095.633892657
12956898.547494125,4843095.633892657
12956898.547494125,4843095.633892657
12956898.547494125,4843095.633892657
12956898.547494125,4843095.633892657
12956898.547494125,4843095.633892657
12956898.547494125,4843095.633892657
12956898.547494125,4843095.633892657
12956898.547494125,4843095.633892657
12956898.547494125,4843095.633892657
12956898.547494125,4843095.633892657
12956898.547494125,4843095.633892657
12956898.547494125,4843095.633892657
12956898.547494125,4843095.633892657
12956898.547494125,4843095.633892657
12956898.547494125,4843095.633892657
12956898.547494125,4843095.633892657
12956898.547494125,4843095.633892657
12956898.547494125,4843095.633892657
12956898.547494125,4843095.633892657
12956898.547494125,4843095.633892657
12956898.547494125,4843095.633892657
12956898.547494125,4843095.633892657
12956898.547494125,4843095.633892657
12956898.547494125,4843095.633892657
12956898.547494125,4843095.633892657
12956898.547494125,4843095.633892657
12956899.660689035,4843095.633892657
12956899.660689035,4843094.184056604
12956899.660689035,4843094.184056604
12956899.660689035,4843094.184056604
12956899.660689035,4843094.184056604
12956899.660689035,4843094.184056604
12956899.660689035,4843094.184056604
12956899.660689035,4843092.734220758
12956899.660689035,4843092.734220758
12956899.660689035,4843092.734220758
12956899.660689035,4843092.734220758
12956899.660689035,4843092.734220758
12956899.660689035,4843091.284385128
12956899.660689035,4843091.284385128
12956899.660689035,4843091.284385128
12956899.660689035,4843091.284385128
12956899.660689035,4843091.284385128
12956899.660689035,4843091.284385128
12956899.660689035,4843091.284385128
12956899.660689035,4843091.284385128
12956899.660689035,4843089.834549709
12956899.660689035,4843089.834549709
12956899.660689035,4843089.834549709
12956899.660689035,4843089.834549709
12956899.660689035,4843088.384714497
12956899.660689035,4843088.384714497
12956899.660689035,4843088.384714497
12956899.660689035,4843088.384714497
12956899.660689035,4843086.934879501
12956899.660689035,4843086.934879501
12956899.660689035,4843086.934879501
12956879.623180691,4843060.837885633
12956879.623180691,4843060.837885633
12956880.736375598,4843059.388054644
12956884.075960321,4843057.93822387
12956885.18915523,4843057.93822387
12956885.18915523,4843057.93822387
12956885.18915523,4843057.93822387
12956886.302350137,4843057.93822387
12956888.528739953,4843059.388054644
12956888.528739953,4843059.388054644
12956888.528739953,4843059.388054644
12956889.641934862,4843059.388054644
12956889.641934862,4843059.388054644
12956890.75512977,4843057.93822387
12956890.75512977,4843057.93822387
12956890.75512977,4843057.93822387
12956890.75512977,4843057.93822387
12956891.868324677,4843057.93822387
12956891.868324677,4843057.93822387
12956892.981519585,4843057.93822387
12956892.981519585,4843059.388054644
12956894.094714493,4843057.93822387
12956894.094714493,4843057.93822387
12956895.207909402,4843057.93822387
12956896.321104309,4843057.93822387
12956898.547494125,4843057.93822387
12956899.660689035,4843057.93822387
12956899.660689035,4843056.488393303
12956899.660689035,4843056.488393303
12956899.660689035,4843056.488393303
12956899.660689035,4843056.488393303
12956899.660689035,4843055.038562952
12956899.660689035,4843055.038562952
12956899.660689035,4843055.038562952
12956899.660689035,4843055.038562952
12956899.660689035,4843055.038562952
12956899.660689035,4843055.038562952
12956899.660689035,4843055.038562952
12956899.660689035,4843055.038562952
12956899.660689035,4843055.038562952
12956899.660689035,4843055.038562952
12956899.660689035,4843055.038562952
12956899.660689035,4843055.038562952
12956899.660689035,4843055.038562952
12956899.660689035,4843055.038562952
12956899.660689035,4843055.038562952
12956899.660689035,4843055.038562952
12956899.660689035,4843055.038562952
12956899.660689035,4843055.038562952
12956899.660689035,4843055.038562952
12956899.660689035,4843055.038562952
12956899.660689035,4843055.038562952
12956899.660689035,4843055.038562952
12956899.660689035,4843055.038562952
12956899.660689035,4843055.038562952
12956899.660689035,4843055.038562952
12956899.660689035,4843055.038562952
12956899.660689035,4843055.038562952
12956899.660689035,4843055.038562952
12956899.660689035,4843055.038562952
12956899.660689035,4843055.038562952
12956899.660689035,4843055.038562952
12956899.660689035,4843055.038562952
12956899.660689035,4843055.038562952
12956899.660689035,4843055.038562952
12956899.660689035,4843055.038562952
12956899.660689035,4843055.038562952
12956899.660689035,4843055.038562952
12956899.660689035,4843055.038562952
12956899.660689035,4843055.038562952
12956899.660689035,4843055.038562952
12956899.660689035,4843055.038562952
12956899.660689035,4843055.038562952
12956899.660689035,4843055.038562952
12956899.660689035,4843055.038562952
12956899.660689035,4843055.038562952
12956899.660689035,4843055.038562952
12956899.660689035,4843055.038562952
12956899.660689035,4843055.038562952
12956899.660689035,4843055.038562952
12956899.660689035,4843055.038562952
12956899.660689035,4843055.038562952
12956899.660689035,4843055.038562952
12956899.660689035,4843055.038562952
12956899.660689035,4843055.038562952
12956899.660689035,4843055.038562952
12956899.660689035,4843055.038562952
12956899.660689035,4843055.038562952
12956899.660689035,4843055.038562952
12956899.660689035,4843055.038562952
12956899.660689035,4843055.038562952
12956899.660689035,4843055.038562952
12956899.660689035,4843055.038562952
12956899.660689035,4843055.038562952
12956899.660689035,4843055.038562952
12956899.660689035,4843055.038562952
12956899.660689035,4843055.038562952
12956899.660689035,4843055.038562952
12956899.660689035,4843055.038562952
12956899.660689035,4843055.038562952
12956899.660689035,4843055.038562952
12956899.660689035,4843055.038562952
12956899.660689035,4843055.038562952
12956899.660689035,4843055.038562952
12956899.660689035,4843055.038562952
12956899.660689035,4843055.038562952
12956899.660689035,4843055.038562952
12956899.660689035,4843055.038562952
12956899.660689035,4843055.038562952
12956899.660689035,4843055.038562952
12956899.660689035,4843055.038562952
12956899.660689035,4843055.038562952
12956899.660689035,4843055.038562952
12956899.660689035,4843055.038562952
12956899.660689035,4843055.038562952
12956899.660689035,4843055.038562952
12956899.660689035,4843055.038562952
12956899.660689035,4843055.038562952
12956899.660689035,4843055.038562952
12956899.660689035,4843055.038562952
12956899.660689035,4843055.038562952
12956899.660689035,4843055.038562952
12956899.660689035,4843055.038562952
12956899.660689035,4843055.038562952
12956899.660689035,4843055.038562952
12956899.660689035,4843055.038562952
12956899.660689035,4843055.038562952
12956899.660689035,4843055.038562952
12956899.660689035,4843055.038562952
12956899.660689035,4843055.038562952
12956899.660689035,4843055.038562952
12956899.660689035,4843055.038562952
12956899.660689035,4843055.038562952
12956899.660689035,4843055.038562952
12956899.660689035,4843055.038562952
12956899.660689035,4843055.038562952
12956899.660689035,4843055.038562952
12956899.660689035,4843055.038562952
12956899.660689035,4843055.038562952
12956899.660689035,4843055.038562952
12956899.660689035,4843055.038562952
12956899.660689035,4843055.038562952
12956899.660689035,4843055.038562952
12956899.660689035,4843055.038562952
12956899.660689035,4843055.038562952
12956899.660689035,4843055.038562952
12956899.660689035,4843055.038562952
12956899.660689035,4843055.038562952
12956899.660689035,4843055.038562952
12956899.660689035,4843055.038562952
12956899.660689035,4843055.038562952
12956899.660689035,4843055.038562952
12956899.660689035,4843055.038562952
12956899.660689035,4843055.038562952
12956899.660689035,4843055.038562952
12956899.660689035,4843055.038562952
12956899.660689035,4843055.038562952
12956899.660689035,4843055.038562952
12956899.660689035,4843055.038562952
12956899.660689035,4843055.038562952
12956899.660689035,4843055.038562952
12956899.660689035,4843055.038562952
12956899.660689035,4843055.038562952
12956899.660689035,4843055.038562952
12956899.660689035,4843055.038562952
12956899.660689035,4843055.038562952
12956899.660689035,4843055.038562952
12956899.660689035,4843055.038562952
12956899.660689035,4843055.038562952
12956899.660689035,4843055.038562952
12956899.660689035,4843055.038562952
12956899.660689035,4843055.038562952
12956899.660689035,4843055.038562952
12956899.660689035,4843055.038562952
12956899.660689035,4843055.038562952
12956899.660689035,4843055.038562952
12956899.660689035,4843055.038562952
12956899.660689035,4843055.038562952
12956899.660689035,4843055.038562952
12956898.547494125,4843055.038562952
12956898.547494125,4843055.038562952
12956898.547494125,4843055.038562952
12956898.547494125,4843055.038562952
12956898.547494125,4843055.038562952
12956898.547494125,4843055.038562952
12956898.547494125,4843055.038562952
12956898.547494125,4843055.038562952
12956898.547494125,4843055.038562952
12956898.547494125,4843055.038562952
12956898.547494125,4843055.038562952
12956898.547494125,4843055.038562952
12956898.547494125,4843055.038562952
12956898.547494125,4843055.038562952
12956898.547494125,4843055.038562952
12956898.547494125,4843055.038562952
12956898.547494125,4843055.038562952
12956898.547494125,4843055.038562952
12956898.547494125,4843055.038562952
12956898.547494125,4843055.038562952
12956898.547494125,4843055.038562952
12956898.547494125,4843055.038562952
12956898.547494125,4843055.038562952
12956898.547494125,4843055.038562952
12956898.547494125,4843055.038562952
12956898.547494125,4843055.038562952
12956898.547494125,4843055.038562952
12956898.547494125,4843055.038562952
12956898.547494125,4843055.038562952
12956898.547494125,4843055.038562952
12956898.547494125,4843055.038562952
12956898.547494125,4843055.038562952
12956898.547494125,4843055.038562952
12956898.547494125,4843055.038562952
12956936.396120993,4842966.599310664
12956936.396120993,4842966.599310664
12956936.396120993,4842966.599310664
12956936.396120993,4842966.599310664
12956936.396120993,4842966.599310664
12956936.396120993,4842966.599310664
12956936.396120993,4842966.599310664
12956936.396120993,4842966.599310664
12956936.396120993,4842966.599310664
12956936.396120993,4842966.599310664
12956936.396120993,4842966.599310664
12956905.226663573,4843065.187379858
12956904.113468664,4843066.637211688
12956904.113468664,4843066.637211688
12956904.113468664,4843066.637211688
12956904.113468664,4843066.637211688
12956904.113468664,4843066.637211688
12956904.113468664,4843066.637211688
12956904.113468664,4843066.637211688
12956905.226663573,4843066.637211688
12956905.226663573,4843068.087043733
12956905.226663573,4843068.087043733
12956905.226663573,4843068.087043733
12956905.226663573,4843068.087043733
12956905.226663573,4843068.087043733
12956905.226663573,4843068.087043733
12956905.226663573,4843068.087043733
12956905.226663573,4843068.087043733
12956905.226663573,4843068.087043733
12956905.226663573,4843068.087043733
12956940.848900627,4843101.433238988
12956939.73570572,4843098.533565399
12956880.736375598,4843026.042000222
12956880.736375598,4843026.042000222
12956881.849570505,4843026.042000222
12956881.849570505,4843027.491826351
12956881.849570505,4843027.491826351
12956881.849570505,4843027.491826351
12956881.849570505,4843027.491826351
12956881.849570505,4843027.491826351
12956881.849570505,4843027.491826351
12956881.849570505,4843027.491826351
12956881.849570505,4843027.491826351
12956881.849570505,4843027.491826351
12956881.849570505,4843027.491826351
12956881.849570505,4843027.491826351
12956881.849570505,4843027.491826351
12956881.849570505,4843027.491826351
12956882.962765414,4843027.491826351
12956882.962765414,4843027.491826351
12956882.962765414,4843027.491826351
12956882.962765414,4843027.491826351
12956882.962765414,4843027.491826351
12956882.962765414,4843027.491826351
12956882.962765414,4843028.941652696
12956882.962765414,4843028.941652696
12956882.962765414,4843028.941652696
12956882.962765414,4843028.941652696
12956882.962765414,4843028.941652696
12956882.962765414,4843028.941652696
12956882.962765414,4843028.941652696
12956882.962765414,4843028.941652696
12956882.962765414,4843028.941652696
12956882.962765414,4843028.941652696
12956882.962765414,4843028.941652696
12956882.962765414,4843028.941652696
12956882.962765414,4843028.941652696
12956882.962765414,4843030.391479247
12956882.962765414,4843030.391479247
12956884.075960321,4843030.391479247
12956884.075960321,4843030.391479247
12956884.075960321,4843030.391479247
12956884.075960321,4843030.391479247
12956884.075960321,4843030.391479247
12956884.075960321,4843030.391479247
12956884.075960321,4843030.391479247
12956884.075960321,4843030.391479247
12956884.075960321,4843031.841306012
12956884.075960321,4843031.841306012
12956884.075960321,4843031.841306012
12956884.075960321,4843031.841306012
12956885.18915523,4843031.841306012
12956885.18915523,4843031.841306012
12956885.18915523,4843031.841306012
12956885.18915523,4843031.841306012
12956885.18915523,4843031.841306012
12956885.18915523,4843031.841306012
12956885.18915523,4843031.841306012
12956885.18915523,4843031.841306012
12956885.18915523,4843031.841306012
12956885.18915523,4843031.841306012
12956885.18915523,4843031.841306012
12956885.18915523,4843031.841306012
12956885.18915523,4843031.841306012
12956885.18915523,4843031.841306012
12956885.18915523,4843031.841306012
12956885.18915523,4843031.841306012
12956885.18915523,4843031.841306012
12956885.18915523,4843031.841306012
12956885.18915523,4843031.841306012
12956885.18915523,4843033.291132987
12956885.18915523,4843033.291132987
12956885.18915523,4843033.291132987
12956886.302350137,4843033.291132987
12956886.302350137,4843033.291132987
12956886.302350137,4843033.291132987
12956886.302350137,4843033.291132987
12956886.302350137,4843033.291132987
12956886.302350137,4843033.291132987
12956886.302350137,4843033.291132987
12956886.302350137,4843033.291132987
12956886.302350137,4843033.291132987
12956886.302350137,4843033.291132987
12956886.302350137,4843033.291132987
12956886.302350137,4843033.291132987
12956886.302350137,4843033.291132987
12956886.302350137,4843033.291132987
12956886.302350137,4843033.291132987
12956886.302350137,4843033.291132987
12956886.302350137,4843033.291132987
12956886.302350137,4843033.291132987
12956886.302350137,4843033.291132987
12956886.302350137,4843033.291132987
12956886.302350137,4843033.291132987
12956886.302350137,4843033.291132987
12956886.302350137,4843033.291132987
12956886.302350137,4843033.291132987
12956886.302350137,4843033.291132987
12956886.302350137,4843033.291132987
12956886.302350137,4843033.291132987
12956887.415545044,4843033.291132987
12956887.415545044,4843033.291132987
12956887.415545044,4843033.291132987
12956887.415545044,4843033.291132987
12956887.415545044,4843033.291132987
12956887.415545044,4843033.291132987
12956887.415545044,4843033.291132987
12956887.415545044,4843033.291132987
12956887.415545044,4843034.7409601705
12956887.415545044,4843034.7409601705
12956887.415545044,4843034.7409601705
12956887.415545044,4843034.7409601705
12956887.415545044,4843034.7409601705
12956887.415545044,4843034.7409601705
12956887.415545044,4843034.7409601705
12956887.415545044,4843034.7409601705
12956887.415545044,4843034.7409601705
12956887.415545044,4843034.7409601705
12956887.415545044,4843034.7409601705
12956887.415545044,4843034.7409601705
12956887.415545044,4843034.7409601705
12956887.415545044,4843034.7409601705
12956887.415545044,4843034.7409601705
12956887.415545044,4843034.7409601705
12956888.528739953,4843034.7409601705
12956888.528739953,4843034.7409601705
12956888.528739953,4843034.7409601705
12956888.528739953,4843034.7409601705
12956888.528739953,4843034.7409601705
12956888.528739953,4843034.7409601705
12956888.528739953,4843034.7409601705
12956888.528739953,4843034.7409601705
12956888.528739953,4843036.19078757
12956888.528739953,4843036.19078757
12956888.528739953,4843036.19078757
12956888.528739953,4843036.19078757
12956888.528739953,4843036.19078757
12956888.528739953,4843036.19078757
12956888.528739953,4843036.19078757
12956888.528739953,4843036.19078757
12956888.528739953,4843036.19078757
12956888.528739953,4843036.19078757
12956888.528739953,4843036.19078757
12956888.528739953,4843036.19078757
12956911.905833019,4843041.990099273
12956917.471807562,4843043.439927724
12956917.471807562,4843043.439927724
12956918.585002467,4843043.439927724
12956918.585002467,4843043.439927724
12956917.471807562,4843043.439927724
12956917.471807562,4843043.439927724
12956917.471807562,4843043.439927724
12956917.471807562,4843043.439927724
12956910.792638112,4843068.087043733
12956910.792638112,4843068.087043733
12956910.792638112,4843068.087043733
12956925.264171917,4843056.488393303
12956927.490561733,4843049.239243648
12956927.490561733,4843049.239243648
12956927.490561733,4843049.239243648
12956928.603756638,4843049.239243648
12956928.603756638,4843049.239243648
12956927.490561733,4843050.689073158
12956927.490561733,4843050.689073158
12956927.490561733,4843050.689073158
12956928.603756638,4843052.138902878
12956928.603756638,4843052.138902878
12956928.603756638,4843052.138902878
12956928.603756638,4843053.588732807
12956928.603756638,4843053.588732807
12956928.603756638,4843053.588732807
12956928.603756638,4843053.588732807
12956928.603756638,4843053.588732807
12956928.603756638,4843053.588732807
12956928.603756638,4843053.588732807
12956928.603756638,4843053.588732807
12956928.603756638,4843053.588732807
12956928.603756638,4843053.588732807
12956927.490561733,4843053.588732807
12956927.490561733,4843053.588732807
12956927.490561733,4843052.138902878
12956927.490561733,4843052.138902878
12956927.490561733,4843053.588732807
12956927.490561733,4843053.588732807
12956927.490561733,4843053.588732807
12956927.490561733,4843053.588732807
12956927.490561733,4843053.588732807
12956927.490561733,4843053.588732807
12956927.490561733,4843053.588732807
12956927.490561733,4843053.588732807
12956926.377366822,4843053.588732807
12956926.377366822,4843052.138902878
12956926.377366822,4843052.138902878
12956926.377366822,4843052.138902878
12956926.377366822,4843052.138902878
12956925.264171917,4843052.138902878
12956925.264171917,4843052.138902878
12956925.264171917,4843052.138902878
12956925.264171917,4843052.138902878
12956925.264171917,4843052.138902878
12956925.264171917,4843052.138902878
12956925.264171917,4843052.138902878
12956925.264171917,4843052.138902878
12956925.264171917,4843052.138902878
12956894.094714493,4843053.588732807
12956894.094714493,4843053.588732807
12956892.981519585,4843053.588732807
12956891.868324677,4843053.588732807
12956891.868324677,4843053.588732807
12956891.868324677,4843053.588732807
12956890.75512977,4843053.588732807
12956890.75512977,4843053.588732807
12956890.75512977,4843053.588732807
12956890.75512977,4843053.588732807
12956889.641934862,4843053.588732807
12956889.641934862,4843053.588732807
12956889.641934862,4843053.588732807
12956890.75512977,4843053.588732807
12956890.75512977,4843055.038562952
12956891.868324677,4843055.038562952
12956892.981519585,4843055.038562952
12956892.981519585,4843055.038562952
12956891.868324677,4843055.038562952
12956891.868324677,4843055.038562952
12956892.981519585,4843055.038562952
12956892.981519585,4843055.038562952
12956892.981519585,4843055.038562952
12956894.094714493,4843055.038562952
12956894.094714493,4843056.488393303
12956894.094714493,4843056.488393303
12956894.094714493,4843056.488393303
12956895.207909402,4843057.93822387
12956895.207909402,4843057.93822387
12956896.321104309,4843059.388054644
12956896.321104309,4843059.388054644
12956897.434299216,4843059.388054644
12956897.434299216,4843059.388054644
12956897.434299216,4843059.388054644
12956897.434299216,4843059.388054644
12956897.434299216,4843059.388054644
12956897.434299216,4843059.388054644
12956897.434299216,4843059.388054644
12956897.434299216,4843059.388054644
12956897.434299216,4843059.388054644
12956897.434299216,4843059.388054644
12956897.434299216,4843057.93822387
12956897.434299216,4843057.93822387
12956897.434299216,4843057.93822387
12956897.434299216,4843057.93822387
12956897.434299216,4843059.388054644
12956897.434299216,4843059.388054644
12956897.434299216,4843059.388054644
12956896.321104309,4843059.388054644
12956896.321104309,4843057.93822387
12956896.321104309,4843057.93822387
12956896.321104309,4843057.93822387
12956896.321104309,4843059.388054644
12956895.207909402,4843059.388054644
12956895.207909402,4843059.388054644
12956895.207909402,4843059.388054644
12956894.094714493,4843059.388054644
12956894.094714493,4843059.388054644
12956894.094714493,4843059.388054644
12956894.094714493,4843059.388054644
12956894.094714493,4843059.388054644
12956894.094714493,4843059.388054644
12956894.094714493,4843059.388054644
12956894.094714493,4843059.388054644
12956894.094714493,4843059.388054644
12956894.094714493,4843059.388054644
12956894.094714493,4843059.388054644
12956894.094714493,4843059.388054644
12956894.094714493,4843059.388054644
12956894.094714493,4843059.388054644
12956894.094714493,4843059.388054644
12956895.207909402,4843059.388054644
12956895.207909402,4843059.388054644
12956895.207909402,4843059.388054644
12956895.207909402,4843059.388054644
12956895.207909402,4843059.388054644
12956896.321104309,4843059.388054644
12956896.321104309,4843059.388054644
12956896.321104309,4843059.388054644
12956896.321104309,4843059.388054644
12956896.321104309,4843059.388054644
12956896.321104309,4843059.388054644
12956897.434299216,4843059.388054644
12956897.434299216,4843059.388054644
12956897.434299216,4843059.388054644
12956897.434299216,4843059.388054644
12956897.434299216,4843059.388054644
12956898.547494125,4843059.388054644
12956898.547494125,4843059.388054644
12956898.547494125,4843059.388054644
12956898.547494125,4843059.388054644
12956898.547494125,4843059.388054644
12956898.547494125,4843059.388054644
12956898.547494125,4843059.388054644
12956898.547494125,4843059.388054644
12956961.999603877,4843076.786040423
12956960.88640897,4843076.786040423
12956960.88640897,4843076.786040423
12956960.88640897,4843076.786040423
12956960.88640897,4843076.786040423
12956960.88640897,4843076.786040423
12956960.88640897,4843076.786040423
12956960.88640897,4843076.786040423
12956960.88640897,4843076.786040423
12956960.88640897,4843076.786040423
12956959.773214063,4843076.786040423
12956959.773214063,4843076.786040423
12956959.773214063,4843076.786040423
12956959.773214063,4843076.786040423
12956959.773214063,4843076.786040423
12956959.773214063,4843076.786040423
12956959.773214063,4843076.786040423
12956959.773214063,4843075.336207111
12956959.773214063,4843075.336207111
12956958.660019154,4843075.336207111
12956896.321104309,4843063.7375482395
12956896.321104309,4843063.7375482395
12956896.321104309,4843063.7375482395
12956896.321104309,4843063.7375482395
12956896.321104309,4843063.7375482395
12956895.207909402,4843063.7375482395
12956895.207909402,4843063.7375482395
12956895.207909402,4843063.7375482395
12956895.207909402,4843063.7375482395
12956895.207909402,4843063.7375482395
12956895.207909402,4843063.7375482395
12956894.094714493,4843063.7375482395
12956894.094714493,4843063.7375482395
12956894.094714493,4843063.7375482395
12956892.981519585,4843063.7375482395
12956892.981519585,4843063.7375482395
12956892.981519585,4843063.7375482395
12956892.981519585,4843063.7375482395
12956892.981519585,4843063.7375482395
12956892.981519585,4843063.7375482395
12956892.981519585,4843063.7375482395
12956892.981519585,4843063.7375482395
12956892.981519585,4843062.287716829
12956892.981519585,4843062.287716829
12956892.981519585,4843062.287716829
12956892.981519585,4843062.287716829
12956892.981519585,4843062.287716829
12956892.981519585,4843062.287716829
12956892.981519585,4843060.837885633
12956892.981519585,4843060.837885633
12956892.981519585,4843060.837885633
12956892.981519585,4843060.837885633
12956891.868324677,4843060.837885633
12956891.868324677,4843060.837885633
12956891.868324677,4843060.837885633
12956891.868324677,4843060.837885633
12956891.868324677,4843060.837885633
12956892.981519585,4843060.837885633
12956892.981519585,4843060.837885633
12956892.981519585,4843059.388054644
12956892.981519585,4843059.388054644
12956894.094714493,4843059.388054644
12956894.094714493,4843059.388054644
12956894.094714493,4843059.388054644
12956894.094714493,4843059.388054644
12956895.207909402,4843059.388054644
12956895.207909402,4843059.388054644
12956895.207909402,4843059.388054644
12956896.321104309,4843059.388054644
12956896.321104309,4843059.388054644
12956896.321104309,4843059.388054644
12956897.434299216,4843059.388054644
12956897.434299216,4843059.388054644
12956897.434299216,4843059.388054644
12956897.434299216,4843060.837885633
12956897.434299216,4843060.837885633
12956897.434299216,4843060.837885633
12956898.547494125,4843060.837885633
12956898.547494125,4843060.837885633
12956941.962095533,4843094.184056604
12956943.075290443,4843091.284385128
12956944.188485349,4843089.834549709
12956945.30168026,4843088.384714497
12956947.528070075,4843084.035210136
12956949.754459891,4843082.585375769
12956951.980849704,4843079.6857076725
12956954.207239522,4843076.786040423
12956957.546824247,4843073.886374015
12956957.546824247,4843073.886374015
12956958.660019154,4843073.886374015
12956958.660019154,4843072.436541126
12956958.660019154,4843072.436541126
12956958.660019154,4843072.436541126
12956958.660019154,4843072.436541126
12956957.546824247,4843072.436541126
12956955.32043443,4843070.986708451
12956953.094044615,4843070.986708451
12956949.754459891,4843069.536875985
12956948.641264983,4843069.536875985
12956947.528070075,4843069.536875985
12956945.30168026,4843069.536875985
12956943.075290443,4843069.536875985
12956941.962095533,4843068.087043733
12956939.73570572,4843068.087043733
12956939.73570572,4843068.087043733
12956937.509315904,4843066.637211688
12956937.509315904,4843066.637211688
12956936.396120993,4843065.187379858
12956935.282926088,4843065.187379858
12956934.169731177,4843063.7375482395
12956933.056536272,4843063.7375482395
12956931.943341361,4843062.287716829
12956930.830146456,4843060.837885633
12956930.830146456,4843060.837885633
12956929.716951549,4843059.388054644
12956928.603756638,4843059.388054644
12956927.490561733,4843059.388054644
12956889.641934862,4843053.588732807
12956889.641934862,4843053.588732807
12956889.641934862,4843053.588732807
12956889.641934862,4843053.588732807
12956889.641934862,4843053.588732807
12956889.641934862,4843053.588732807
12956888.528739953,4843053.588732807
12956888.528739953,4843053.588732807
12956889.641934862,4843053.588732807
12956976.47113768,4843053.588732807
12956977.584332589,4843053.588732807
12956977.584332589,4843052.138902878
12956977.584332589,4843050.689073158
12956977.584332589,4843049.239243648
12956977.584332589,4843049.239243648
12956976.47113768,4843049.239243648
12956975.357942773,4843049.239243648
12956969.791968234,4843050.689073158
12956968.678773325,4843050.689073158
12956965.339188602,4843049.239243648
12956964.225993693,4843049.239243648
12956961.999603877,4843046.339585264
12956959.773214063,4843043.439927724
12956956.433629338,4843041.990099273
12956956.433629338,4843043.439927724
12956954.207239522,4843044.88975639
12956954.207239522,4843044.88975639
12956953.094044615,4843047.789414351
12956954.207239522,4843047.789414351
12956953.094044615,4843049.239243648
12956953.094044615,4843049.239243648
12956953.094044615,4843049.239243648
12956953.094044615,4843049.239243648
12956954.207239522,4843049.239243648
12956954.207239522,4843049.239243648
12956954.207239522,4843050.689073158
12956954.207239522,4843050.689073158
12956954.207239522,4843052.138902878
12956954.207239522,4843052.138902878
12956954.207239522,4843052.138902878
12956954.207239522,4843052.138902878
12956954.207239522,4843052.138902878
12956954.207239522,4843053.588732807
12956954.207239522,4843053.588732807
12956954.207239522,4843053.588732807
12956954.207239522,4843053.588732807
12956954.207239522,4843053.588732807
12956954.207239522,4843053.588732807
12956954.207239522,4843053.588732807
12956954.207239522,4843053.588732807
12956954.207239522,4843053.588732807
12956954.207239522,4843052.138902878
12956954.207239522,4843052.138902878
12956954.207239522,4843052.138902878
12956954.207239522,4843052.138902878
12956954.207239522,4843052.138902878
12956953.094044615,4843052.138902878
12956953.094044615,4843052.138902878
12956953.094044615,4843052.138902878
12956953.094044615,4843052.138902878
12956953.094044615,4843052.138902878
12956953.094044615,4843052.138902878
12956953.094044615,4843052.138902878
12956953.094044615,4843052.138902878
12956953.094044615,4843052.138902878
12956953.094044615,4843052.138902878
12956645.852250025,4842638.945977287
12956664.776563458,4842666.491638817
12956691.493241249,4842707.085384191
12956701.511995422,4842724.482754304
12956701.511995422,4842724.482754304
12956715.983529225,4842746.229509702
12956730.455063028,4842767.976312596
12956746.039791739,4842788.273371496
12956750.49257137,4842795.522331129
12956848.453723269,4842960.80004288
12956884.075960321,4843039.090442999
12956884.075960321,4843039.090442999
12956884.075960321,4843039.090442999
12956884.075960321,4843039.090442999
12956885.18915523,4843039.090442999
12956884.075960321,4843040.540271028
12956884.075960321,4843040.540271028
12956882.962765414,4843040.540271028
12956882.962765414,4843040.540271028
12956884.075960321,4843040.540271028
12956885.18915523,4843041.990099273
12956886.302350137,4843044.88975639
12956886.302350137,4843044.88975639
12956886.302350137,4843044.88975639
12956886.302350137,4843044.88975639
12956887.415545044,4843046.339585264
12956888.528739953,4843047.789414351
12956888.528739953,4843047.789414351
12956887.415545044,4843046.339585264
12956886.302350137,4843044.88975639
12956886.302350137,4843043.439927724
12956887.415545044,4843046.339585264
12956888.528739953,4843047.789414351
12956887.415545044,4843047.789414351
12956887.415545044,4843047.789414351
12956887.415545044,4843047.789414351
12956887.415545044,4843049.239243648
12956888.528739953,4843049.239243648
12956888.528739953,4843050.689073158
12956888.528739953,4843050.689073158
12956888.528739953,4843050.689073158
12956889.641934862,4843052.138902878
12956891.868324677,4843053.588732807
12956894.094714493,4843057.93822387
12956895.207909402,4843059.388054644
12956897.434299216,4843062.287716829
12956898.547494125,4843063.7375482395
12956899.660689035,4843065.187379858
12956899.660689035,4843065.187379858
12956900.77388394,4843065.187379858
12956900.77388394,4843066.637211688
12956900.77388394,4843066.637211688
12956900.77388394,4843066.637211688
12956900.77388394,4843066.637211688
12956900.77388394,4843066.637211688
12956900.77388394,4843066.637211688
12956900.77388394,4843066.637211688
12956901.887078848,4843066.637211688
12956901.887078848,4843068.087043733
12956901.887078848,4843068.087043733
12956901.887078848,4843068.087043733
12956901.887078848,4843068.087043733
12956901.887078848,4843068.087043733
12956901.887078848,4843068.087043733
12956901.887078848,4843068.087043733
12956901.887078848,4843068.087043733
12956901.887078848,4843068.087043733
12956901.887078848,4843068.087043733
12956901.887078848,4843068.087043733
12956901.887078848,4843068.087043733
12956901.887078848,4843068.087043733
12956901.887078848,4843068.087043733
12956901.887078848,4843068.087043733
12956901.887078848,4843068.087043733
12956901.887078848,4843068.087043733
12956901.887078848,4843068.087043733
12956901.887078848,4843068.087043733
12956901.887078848,4843068.087043733
12956901.887078848,4843068.087043733
12956901.887078848,4843068.087043733
12956901.887078848,4843068.087043733
12956901.887078848,4843068.087043733
12956903.000273757,4843068.087043733
12956903.000273757,4843068.087043733
12956903.000273757,4843068.087043733
12956903.000273757,4843069.536875985
12956901.887078848,4843069.536875985
12956901.887078848,4843069.536875985
12956901.887078848,4843069.536875985
12956901.887078848,4843069.536875985
12956903.000273757,4843069.536875985
12956903.000273757,4843069.536875985
12956904.113468664,4843070.986708451
12956904.113468664,4843070.986708451
12956905.226663573,4843072.436541126
12956905.226663573,4843072.436541126
12956905.226663573,4843072.436541126
12956905.226663573,4843073.886374015
12956906.33985848,4843073.886374015
12956906.33985848,4843073.886374015
12956906.33985848,4843073.886374015
12956905.226663573,4843073.886374015
12956905.226663573,4843073.886374015
12956905.226663573,4843073.886374015
12956905.226663573,4843073.886374015
12956905.226663573,4843073.886374015
12956905.226663573,4843073.886374015
12956904.113468664,4843073.886374015
12956904.113468664,4843073.886374015
12956904.113468664,4843073.886374015
12956904.113468664,4843073.886374015
12956904.113468664,4843073.886374015
12956903.000273757,4843075.336207111
12956903.000273757,4843075.336207111
12956903.000273757,4843073.886374015
12956903.000273757,4843073.886374015
12956903.000273757,4843073.886374015
12956903.000273757,4843073.886374015
12956903.000273757,4843073.886374015
12956903.000273757,4843073.886374015
12956903.000273757,4843073.886374015
12956903.000273757,4843073.886374015
12956903.000273757,4843073.886374015
12956903.000273757,4843073.886374015
12956903.000273757,4843073.886374015
12956903.000273757,4843073.886374015
12956903.000273757,4843073.886374015
12956903.000273757,4843073.886374015
12956901.887078848,4843073.886374015
12956901.887078848,4843073.886374015
12956901.887078848,4843073.886374015
12956901.887078848,4843073.886374015
12956901.887078848,4843073.886374015
12956901.887078848,4843073.886374015
12956901.887078848,4843073.886374015
12956901.887078848,4843073.886374015
12956901.887078848,4843073.886374015
12956901.887078848,4843073.886374015
12956901.887078848,4843073.886374015
12956901.887078848,4843073.886374015
12956901.887078848,4843073.886374015
12956901.887078848,4843073.886374015
12956901.887078848,4843073.886374015
12956901.887078848,4843073.886374015
12956900.77388394,4843073.886374015
12956900.77388394,4843073.886374015
12956900.77388394,4843073.886374015
12956900.77388394,4843073.886374015
12956900.77388394,4843073.886374015
12956845.114138545,4843118.831298242
12956845.114138545,4843118.831298242
12956845.114138545,4843117.3814588105
12956845.114138545,4843117.3814588105
12956846.227333453,4843115.931619591
12956847.34052836,4843114.481780579
12956848.453723269,4843114.481780579
12956849.566918178,4843113.031941782
12956851.793307992,4843113.031941782
12956875.17040106,4843085.485044712
12956875.17040106,4843085.485044712
12956875.17040106,4843084.035210136
12956876.283595966,4843084.035210136
12956876.283595966,4843084.035210136
12956876.283595966,4843084.035210136
12956875.17040106,4843085.485044712
12956876.283595966,4843084.035210136
12956876.283595966,4843084.035210136
12956975.357942773,4843086.934879501
12956975.357942773,4843086.934879501
12956974.244747864,4843088.384714497
12956974.244747864,4843088.384714497
12956974.244747864,4843088.384714497
12956973.131552957,4843086.934879501
12956970.905163141,4843086.934879501
12956888.528739953,4843062.287716829
12956888.528739953,4843062.287716829
12956888.528739953,4843062.287716829
12956888.528739953,4843062.287716829
12956888.528739953,4843062.287716829
12956888.528739953,4843062.287716829
12956888.528739953,4843062.287716829
12956888.528739953,4843062.287716829
12956888.528739953,4843062.287716829
12956888.528739953,4843062.287716829
12956888.528739953,4843062.287716829
12956889.641934862,4843062.287716829
12956889.641934862,4843062.287716829
12956889.641934862,4843062.287716829
12956889.641934862,4843062.287716829
12956889.641934862,4843062.287716829
12956889.641934862,4843062.287716829
12956889.641934862,4843062.287716829
12956889.641934862,4843062.287716829
12956889.641934862,4843062.287716829
12956889.641934862,4843062.287716829
12956889.641934862,4843062.287716829
12956889.641934862,4843062.287716829
12956889.641934862,4843062.287716829
12956889.641934862,4843062.287716829
12956889.641934862,4843062.287716829
12956889.641934862,4843062.287716829
12956889.641934862,4843062.287716829
12956889.641934862,4843062.287716829
12956889.641934862,4843062.287716829
12956889.641934862,4843062.287716829
12956889.641934862,4843062.287716829
12956889.641934862,4843062.287716829
12956889.641934862,4843062.287716829
12956889.641934862,4843062.287716829
12956889.641934862,4843062.287716829
12956889.641934862,4843062.287716829
12956889.641934862,4843062.287716829
12956889.641934862,4843062.287716829
12956889.641934862,4843062.287716829
12956889.641934862,4843062.287716829
12956889.641934862,4843062.287716829
12956890.75512977,4843062.287716829
12956890.75512977,4843062.287716829
12956890.75512977,4843062.287716829
12956890.75512977,4843062.287716829
12956890.75512977,4843062.287716829
12956890.75512977,4843062.287716829
12956890.75512977,4843062.287716829
12956890.75512977,4843062.287716829
12956890.75512977,4843062.287716829
12956890.75512977,4843062.287716829
12956890.75512977,4843062.287716829
12956890.75512977,4843062.287716829
12956890.75512977,4843062.287716829
12956891.868324677,4843062.287716829
12956891.868324677,4843062.287716829
12956891.868324677,4843062.287716829
12956891.868324677,4843062.287716829
12956891.868324677,4843062.287716829
12956891.868324677,4843062.287716829
12956891.868324677,4843062.287716829
12956891.868324677,4843062.287716829
12956891.868324677,4843062.287716829
12956891.868324677,4843062.287716829
12956891.868324677,4843062.287716829
12956892.981519585,4843062.287716829
12956965.339188602,4843065.187379858
12956964.225993693,4843065.187379858
12956961.999603877,4843065.187379858
12956961.999603877,4843065.187379858
12956959.773214063,4843063.7375482395
12956958.660019154,4843063.7375482395
12956956.433629338,4843063.7375482395
12956955.32043443,4843065.187379858
12956954.207239522,4843065.187379858
12956953.094044615,4843063.7375482395
12956951.980849704,4843063.7375482395
12956951.980849704,4843063.7375482395
12956951.980849704,4843063.7375482395
12956950.867654799,4843062.287716829
12956949.754459891,4843062.287716829
12956949.754459891,4843062.287716829
12956948.641264983,4843062.287716829
12956948.641264983,4843060.837885633
12956947.528070075,4843060.837885633
12956946.414875166,4843060.837885633
12956946.414875166,4843060.837885633
12956945.30168026,4843060.837885633
12956944.188485349,4843060.837885633
12956944.188485349,4843060.837885633
12956943.075290443,4843062.287716829
12956943.075290443,4843062.287716829
12956941.962095533,4843062.287716829
12956941.962095533,4843062.287716829
12956941.962095533,4843062.287716829
12956940.848900627,4843062.287716829
12956939.73570572,4843062.287716829
12956938.622510811,4843062.287716829
12956938.622510811,4843062.287716829
12956937.509315904,4843062.287716829
12956937.509315904,4843062.287716829
12956936.396120993,4843062.287716829
12956936.396120993,4843062.287716829
12956935.282926088,4843062.287716829
12956935.282926088,4843063.7375482395
12956935.282926088,4843063.7375482395
12956934.169731177,4843063.7375482395
12956933.056536272,4843063.7375482395
12956933.056536272,4843063.7375482395
12956933.056536272,4843063.7375482395
12956933.056536272,4843063.7375482395
12956933.056536272,4843063.7375482395
12956931.943341361,4843063.7375482395
12956931.943341361,4843063.7375482395
12956931.943341361,4843063.7375482395
12956931.943341361,4843063.7375482395
12956931.943341361,4843063.7375482395
12956930.830146456,4843062.287716829
12956930.830146456,4843062.287716829
12956930.830146456,4843062.287716829
12956930.830146456,4843062.287716829
12956930.830146456,4843063.7375482395
12956930.830146456,4843063.7375482395
12956930.830146456,4843063.7375482395
12956930.830146456,4843063.7375482395
12956929.716951549,4843063.7375482395
12956929.716951549,4843063.7375482395
12956929.716951549,4843063.7375482395
12956929.716951549,4843063.7375482395
12956929.716951549,4843063.7375482395
12956929.716951549,4843063.7375482395
12956929.716951549,4843063.7375482395
12956928.603756638,4843063.7375482395
12956928.603756638,4843063.7375482395
12956928.603756638,4843063.7375482395
12956928.603756638,4843063.7375482395
12956928.603756638,4843063.7375482395
12956928.603756638,4843063.7375482395
12956928.603756638,4843063.7375482395
12956927.490561733,4843063.7375482395
12956927.490561733,4843063.7375482395
12956927.490561733,4843063.7375482395
12956927.490561733,4843062.287716829
12956927.490561733,4843062.287716829
12956927.490561733,4843063.7375482395
12956926.377366822,4843063.7375482395
12956926.377366822,4843063.7375482395
12956926.377366822,4843063.7375482395
12956926.377366822,4843063.7375482395
12956926.377366822,4843062.287716829
12956926.377366822,4843062.287716829
12956926.377366822,4843062.287716829
12956926.377366822,4843062.287716829
12956926.377366822,4843062.287716829
12956925.264171917,4843062.287716829
12956925.264171917,4843062.287716829
12956925.264171917,4843062.287716829
12956925.264171917,4843062.287716829
12956925.264171917,4843062.287716829
12956925.264171917,4843062.287716829
12956925.264171917,4843063.7375482395
12956925.264171917,4843063.7375482395
12956924.150977006,4843063.7375482395
12956924.150977006,4843063.7375482395
12956924.150977006,4843063.7375482395
12956924.150977006,4843063.7375482395
12956924.150977006,4843063.7375482395
12956924.150977006,4843063.7375482395
12956924.150977006,4843063.7375482395
12956924.150977006,4843063.7375482395
12956923.037782101,4843063.7375482395
12956923.037782101,4843063.7375482395
12956923.037782101,4843063.7375482395
12956923.037782101,4843063.7375482395
12956870.717621427,4843099.98340209
12956870.717621427,4843099.98340209
12956870.717621427,4843099.98340209
12956870.717621427,4843099.98340209
12956870.717621427,4843099.98340209
12956870.717621427,4843098.533565399
12956870.717621427,4843098.533565399
12956870.717621427,4843098.533565399
12956870.717621427,4843098.533565399
12956870.717621427,4843098.533565399
12956871.830816334,4843097.083728925
12956871.830816334,4843097.083728925
12935488.469829855,4868293.791654059
12956872.944011243,4843097.083728925
12956872.944011243,4843097.083728925
12956872.944011243,4843095.633892657
12956874.05720615,4843095.633892657
12956874.05720615,4843095.633892657
12956874.05720615,4843095.633892657
12956874.05720615,4843095.633892657
12956874.05720615,4843095.633892657
12956874.05720615,4843095.633892657
12956875.17040106,4843095.633892657
12956875.17040106,4843094.184056604
12956875.17040106,4843094.184056604
12956875.17040106,4843094.184056604
12956876.283595966,4843094.184056604
12956876.283595966,4843092.734220758
12956876.283595966,4843094.184056604
12956876.283595966,4843095.633892657
12956876.283595966,4843095.633892657
12956876.283595966,4843095.633892657
12956876.283595966,4843094.184056604
12956876.283595966,4843094.184056604
12956876.283595966,4843094.184056604
12956876.283595966,4843094.184056604
12956877.396790873,4843094.184056604
12956877.396790873,4843094.184056604
12956877.396790873,4843092.734220758
12956877.396790873,4843092.734220758
12956878.509985782,4843092.734220758
12956878.509985782,4843092.734220758
12956878.509985782,4843092.734220758
12956878.509985782,4843092.734220758
12956878.509985782,4843092.734220758
12956878.509985782,4843091.284385128
12956878.509985782,4843091.284385128
12956878.509985782,4843091.284385128
12956878.509985782,4843091.284385128
12956878.509985782,4843092.734220758
12956878.509985782,4843092.734220758
12956878.509985782,4843092.734220758
12956878.509985782,4843092.734220758
12956878.509985782,4843092.734220758
12956878.509985782,4843092.734220758
12956878.509985782,4843092.734220758
12956878.509985782,4843091.284385128
12956878.509985782,4843091.284385128
12956879.623180691,4843091.284385128
12956879.623180691,4843091.284385128
12956879.623180691,4843091.284385128
12956879.623180691,4843091.284385128
12956880.736375598,4843091.284385128
12956880.736375598,4843091.284385128
12956880.736375598,4843089.834549709
12956880.736375598,4843089.834549709
12956880.736375598,4843089.834549709
12956881.849570505,4843089.834549709
12956881.849570505,4843089.834549709
12956881.849570505,4843089.834549709
12956881.849570505,4843088.384714497
12956881.849570505,4843088.384714497
12956882.962765414,4843088.384714497
12956882.962765414,4843088.384714497
12956882.962765414,4843088.384714497
12956882.962765414,4843088.384714497
12956882.962765414,4843088.384714497
12956882.962765414,4843088.384714497
12956882.962765414,4843086.934879501
12956882.962765414,4843086.934879501
12956882.962765414,4843086.934879501
12956882.962765414,4843086.934879501
12956888.528739953,4843057.93822387
12956889.641934862,4843052.138902878
12956889.641934862,4843052.138902878
12956836.208579281,4843110.132264815
12956836.208579281,4843110.132264815
12956837.321774187,4843108.682426648
12956897.434299216,4843034.7409601705
12956897.434299216,4843036.19078757
12956865.151646888,4843073.886374015
12956865.151646888,4843073.886374015
12956865.151646888,4843073.886374015
12956865.151646888,4843073.886374015
12956865.151646888,4843075.336207111
12956897.434299216,4843056.488393303
12956897.434299216,4843056.488393303
12956897.434299216,4843056.488393303
12956898.547494125,4843056.488393303
12956898.547494125,4843056.488393303
12956898.547494125,4843056.488393303
12956898.547494125,4843056.488393303
12956898.547494125,4843056.488393303
12956899.660689035,4843055.038562952
12956966.452383509,4843007.194279739
12956966.452383509,4843005.744456567
12956966.452383509,4843005.744456567
12956966.452383509,4843005.744456567
12956965.339188602,4843007.194279739
12956906.33985848,4843055.038562952
12956907.45305339,4843053.588732807
12956916.358612655,4843044.88975639
12956947.528070075,4843033.291132987
12956946.414875166,4843033.291132987
12956941.962095533,4843034.7409601705
12956937.509315904,4843036.19078757
12956935.282926088,4843037.64061518
12956934.169731177,4843037.64061518
12956934.169731177,4843037.64061518
12956933.056536272,4843039.090442999
12956931.943341361,4843039.090442999
12956930.830146456,4843039.090442999
12956929.716951549,4843039.090442999
12956929.716951549,4843039.090442999
12956928.603756638,4843039.090442999
12956927.490561733,4843039.090442999
12956926.377366822,4843040.540271028
12956926.377366822,4843040.540271028
12956926.377366822,4843040.540271028
12956925.264171917,4843041.990099273
12956925.264171917,4843041.990099273
12956925.264171917,4843041.990099273
12956925.264171917,4843043.439927724
12956925.264171917,4843043.439927724
12956925.264171917,4843043.439927724
12956925.264171917,4843043.439927724
12956925.264171917,4843041.990099273
12956924.150977006,4843041.990099273
12956924.150977006,4843041.990099273
12956923.037782101,4843041.990099273
12956921.92458719,4843043.439927724
12956921.92458719,4843043.439927724
12956921.92458719,4843043.439927724
12956921.92458719,4843043.439927724
12956920.811392283,4843043.439927724
12956920.811392283,4843043.439927724
12956919.698197378,4843043.439927724
12956876.283595966,4843065.187379858
12956876.283595966,4843065.187379858
12956876.283595966,4843063.7375482395
12956877.396790873,4843063.7375482395
12956877.396790873,4843063.7375482395
12956877.396790873,4843063.7375482395
12956877.396790873,4843063.7375482395
12956877.396790873,4843063.7375482395
12956877.396790873,4843063.7375482395
12956877.396790873,4843063.7375482395
12956878.509985782,4843063.7375482395
12956878.509985782,4843063.7375482395
12956878.509985782,4843063.7375482395
12956878.509985782,4843063.7375482395
12956879.623180691,4843063.7375482395
12956879.623180691,4843062.287716829
12956879.623180691,4843062.287716829
12956879.623180691,4843062.287716829
12956880.736375598,4843062.287716829
12956880.736375598,4843062.287716829
12956880.736375598,4843062.287716829
12956880.736375598,4843062.287716829
12956880.736375598,4843060.837885633
12956880.736375598,4843060.837885633
12956880.736375598,4843060.837885633
12956880.736375598,4843060.837885633
12956880.736375598,4843060.837885633
12956881.849570505,4843060.837885633
12956881.849570505,4843060.837885633
12956881.849570505,4843060.837885633
12956881.849570505,4843060.837885633
12956881.849570505,4843060.837885633
12956881.849570505,4843060.837885633
12956882.962765414,4843060.837885633
12956882.962765414,4843060.837885633
12956882.962765414,4843060.837885633
12956882.962765414,4843060.837885633
12956882.962765414,4843059.388054644
12956882.962765414,4843059.388054644
12956884.075960321,4843059.388054644
12956937.509315904,4843014.443398778
12956937.509315904,4843014.443398778
12956936.396120993,4843014.443398778
12956936.396120993,4843014.443398778
12956935.282926088,4843015.893223221
12956935.282926088,4843015.893223221
12956904.113468664,4843039.090442999
12956904.113468664,4843039.090442999
12956904.113468664,4843040.540271028
12956904.113468664,4843040.540271028
12956904.113468664,4843040.540271028
12956904.113468664,4843040.540271028
12956904.113468664,4843040.540271028
12956904.113468664,4843040.540271028
12956904.113468664,4843040.540271028
12956904.113468664,4843040.540271028
12956904.113468664,4843040.540271028
12956904.113468664,4843040.540271028
12956904.113468664,4843040.540271028
12956904.113468664,4843040.540271028
12956904.113468664,4843040.540271028
12956904.113468664,4843040.540271028
12956914.132222835,4843052.138902878
12956914.132222835,4843052.138902878
12956915.245417746,4843052.138902878
12956915.245417746,4843052.138902878
12956915.245417746,4843052.138902878
12956915.245417746,4843052.138902878
12956915.245417746,4843052.138902878
12956820.623850571,4843157.977042739
12956820.623850571,4843157.977042739
12956820.623850571,4843157.977042739
12956820.623850571,4843157.977042739
12956820.623850571,4843157.977042739
12956820.623850571,4843157.977042739
12956820.623850571,4843156.527197607
12956821.737045476,4843156.527197607
12956899.660689035,4843059.388054644
12956896.321104309,4843062.287716829
12956892.981519585,4843065.187379858
12956890.75512977,4843065.187379858
12956890.75512977,4843066.637211688
12956890.75512977,4843066.637211688
12956890.75512977,4843066.637211688
12956890.75512977,4843066.637211688
12956891.868324677,4843066.637211688
12956891.868324677,4843066.637211688
12956892.981519585,4843066.637211688
12956894.094714493,4843065.187379858
12956894.094714493,4843065.187379858
12956894.094714493,4843065.187379858
12956895.207909402,4843063.7375482395
12956895.207909402,4843063.7375482395
12956941.962095533,4843037.64061518
12956923.037782101,4843043.439927724
12956923.037782101,4843043.439927724
12956924.150977006,4843043.439927724
12956924.150977006,4843041.990099273
12956924.150977006,4843043.439927724
12956924.150977006,4843043.439927724
12956924.150977006,4843043.439927724
12956924.150977006,4843043.439927724
12956924.150977006,4843041.990099273
12956924.150977006,4843041.990099273
12956924.150977006,4843041.990099273
12956924.150977006,4843041.990099273
12956924.150977006,4843041.990099273
12956924.150977006,4843041.990099273
12956923.037782101,4843040.540271028
12956923.037782101,4843040.540271028
12956923.037782101,4843040.540271028
12956923.037782101,4843040.540271028
12956924.150977006,4843039.090442999
12956924.150977006,4843039.090442999
12956925.264171917,4843037.64061518
12956926.377366822,4843036.19078757
12956927.490561733,4843034.7409601705
12956928.603756638,4843034.7409601705
12956929.716951549,4843034.7409601705
12956929.716951549,4843034.7409601705
12956870.717621427,4843101.433238988
12956869.60442652,4843101.433238988
12956870.717621427,4843101.433238988
12956871.830816334,4843101.433238988
12956875.17040106,4843098.533565399
12956876.283595966,4843098.533565399
12956880.736375598,4843091.284385128
12956884.075960321,4843086.934879501
12956889.641934862,4843079.6857076725
12956891.868324677,4843075.336207111
12956895.207909402,4843069.536875985
12956897.434299216,4843066.637211688
12956903.000273757,4843059.388054644
12956977.584332589,4842983.997134284
12956977.584332589,4842983.997134284
12956977.584332589,4842983.997134284
12956977.584332589,4842983.997134284
12956905.226663573,4843053.588732807
12956904.113468664,4843053.588732807
12956904.113468664,4843055.038562952
12956904.113468664,4843055.038562952
12956904.113468664,4843053.588732807
12956904.113468664,4843053.588732807
12956905.226663573,4843053.588732807
12956905.226663573,4843053.588732807
12956905.226663573,4843053.588732807
12956905.226663573,4843053.588732807
12956905.226663573,4843053.588732807
12956905.226663573,4843052.138902878
12956985.376696944,4842978.197856369
12956989.829476576,4842975.298218673
12956989.829476576,4842975.298218673
12956989.829476576,4842975.298218673
12956989.829476576,4842975.298218673
12956989.829476576,4842975.298218673
12956989.829476576,4842975.298218673
12956988.716281667,4842975.298218673
12956988.716281667,4842975.298218673
12956874.05720615,4843078.235873942
12956874.05720615,4843078.235873942
12956913.019027928,4843037.64061518
12956913.019027928,4843037.64061518
12956913.019027928,4843037.64061518
12956914.132222835,4843037.64061518
12957002.074620562,4842963.699676351
12956989.829476576,4842976.748037416
12956983.150307128,4842982.547314486
12956983.150307128,4842983.997134284
12956983.150307128,4842983.997134284
12956983.150307128,4842983.997134284
12956983.150307128,4842983.997134284
12956983.150307128,4842983.997134284
12956982.03711222,4842983.997134284
12956982.03711222,4842983.997134284
12956982.03711222,4842983.997134284
12956982.03711222,4842985.446954293
12956982.03711222,4842985.446954293
12956982.03711222,4842985.446954293
12956849.566918178,4843098.533565399
12956849.566918178,4843098.533565399
12956850.680113085,4843098.533565399
12956850.680113085,4843098.533565399
12956861.812062163,4843088.384714497
12956886.302350137,4843063.7375482395
12956887.415545044,4843063.7375482395
12956887.415545044,4843063.7375482395
12956887.415545044,4843063.7375482395
12956887.415545044,4843063.7375482395
12956887.415545044,4843063.7375482395
12956887.415545044,4843063.7375482395
12956887.415545044,4843063.7375482395
12956887.415545044,4843063.7375482395
12956887.415545044,4843063.7375482395
12956887.415545044,4843063.7375482395
12956887.415545044,4843063.7375482395
12956887.415545044,4843063.7375482395
12956887.415545044,4843063.7375482395
12956887.415545044,4843063.7375482395
12956887.415545044,4843063.7375482395
12956887.415545044,4843063.7375482395
12956887.415545044,4843063.7375482395
12956887.415545044,4843063.7375482395
12956887.415545044,4843063.7375482395
12956887.415545044,4843063.7375482395
12956887.415545044,4843063.7375482395
12956887.415545044,4843063.7375482395
12956892.981519585,4843060.837885633
12956895.207909402,4843059.388054644
12956895.207909402,4843065.187379858
12956897.434299216,4843065.187379858
12956897.434299216,4843062.287716829
12956898.547494125,4843060.837885633
12956905.226663573,4843069.536875985
12956898.547494125,4843059.388054644
12956898.547494125,4843059.388054644
12956897.434299216,4843047.789414351
12956896.321104309,4843026.042000222
12956896.321104309,4843002.844810851
12956898.547494125,4842963.699676351
12956915.245417746,4842944.852073894
12956940.848900627,4842923.104884628
12956938.622510811,4842879.610648616
12956937.509315904,4842802.771296044
12956938.622510811,4842743.329939569
12956940.848900627,4842651.993912722
12956949.754459891,4842485.2715800125
12956963.112798786,4842420.033166323
12956966.452383509,4842317.102316243
12956968.678773325,4842248.965578308
12956969.791968234,4842150.385591319
12956979.810722405,4841974.973616261
12956984.263502037,4841902.49023136
12956986.489891851,4841789.417204533
12956992.05586639,4841715.4855350945
12956996.508646023,4841602.414631842
12957000.961425655,4841527.034742989
12957002.074620562,4841412.516388448
12957003.18781547,4841337.137937118
12957005.414205287,4841222.621766445
12957008.75379001,4841142.896096083
12957019.88573909,4840947.208520393
12957025.451713629,4840831.247327118
12957026.564908536,4840754.42378018
12957024.338518724,4840648.61118581
12957024.338518724,4840583.384804201
12957017.659349274,4840519.60831081
12956979.810722405,4840526.855619035
12956905.226663573,4840551.496506452
12956850.680113085,4840568.890110751
12956768.303689897,4840594.980574155
12956721.549503764,4840608.02583149
12956675.908512538,4840586.283745428
12956650.305029657,4840545.698645106
12956605.77723334,4840492.068587648
12956571.268191192,4840455.832225834
12956522.287615245,4840397.854321173
12956468.854259664,4840284.798377866
12956458.835505493,4840239.866243965
12956409.854929542,4840242.7650852
12956363.100743411,4840258.708727052
12956301.875023473,4840260.158150302
12956276.271540591,4840232.61914458
12956227.29096464,4840209.428461987
12956195.008312311,4840177.541361586
12956142.688151639,4840125.362690239
12956087.028406242,4840121.014479964
12956000.199203422,4840118.115674169
12955938.973483488,4840115.216869218
12955938.973483488,4840115.216869218
12955848.804695947,4840110.868663376
12955848.804695947,4840110.868663376
12955787.578976009,4840107.969860536
12955711.88172227,4840106.520459433
12955638.410858344,4840103.621657858
12955590.543477304,4840100.722857125
12955558.260824975,4840102.172257383
12955490.35593559,4840099.273457077
12955420.224656392,4840096.37465761
12955367.904495718,4840094.925258193
12955307.79197069,4840094.925258193
12955257.698199831,4840096.37465761
12955168.642607197,4840093.475858987
12955106.303692354,4840090.57706121
12955028.380048798,4840087.678264274
12954951.569600152,4840086.2288661245
12954880.325126043,4840083.330070456
12954812.420236658,4840080.4312756285
12954746.741737092,4840080.4312756285
12954677.723652799,4840078.98187853
12954594.234034706,4840073.184292257
12954545.253458755,4840070.285500381
12954501.838857347,4840071.734896213
12954489.59371336,4840045.645803532
12954480.688154094,4839976.075223815
12954471.782594834,4839918.100111934
12954460.650645752,4839831.138076863
12954452.858281396,4839773.1638086345
12954441.726332318,4839687.652378948
12954433.933967963,4839628.229614387
12954420.575629067,4839534.0235190615
12954408.33048508,4839474.601671035
12954339.312400788,4839036.919956191
12954325.954061892,4838957.211780236
12954319.274892446,4838907.937954109
12954311.482528089,4838845.6214054115
12954313.708917907,4838802.144974394
12954323.727672078,4838745.625897752
12954322.614477169,4838732.583079451
12954319.274892446,4838729.684677702
12954318.161697537,4838731.1338784695
12954317.04850263,4838731.1338784695
12954317.04850263,4838732.583079451
12954317.04850263,4838732.583079451
12954317.04850263,4838732.583079451
12954317.04850263,4838731.1338784695
12954317.04850263,4838731.1338784695
12954317.04850263,4838731.1338784695
12954317.04850263,4838731.1338784695
12954317.04850263,4838731.1338784695
12954317.04850263,4838731.1338784695
12954317.04850263,4838729.684677702
12954317.04850263,4838729.684677702
12954317.04850263,4838728.235477148
12954317.04850263,4838728.235477148
12954317.04850263,4838728.235477148
12954317.04850263,4838728.235477148
12954317.04850263,4838728.235477148
12954317.04850263,4838729.684677702
12954317.04850263,4838729.684677702
12954317.04850263,4838729.684677702
12954317.04850263,4838729.684677702
12954317.04850263,4838729.684677702
12954317.04850263,4838729.684677702
12954317.04850263,4838729.684677702
12954317.04850263,4838729.684677702
12954317.04850263,4838729.684677702
12954317.04850263,4838729.684677702
12954317.04850263,4838729.684677702
12954315.93530772,4838729.684677702
12954315.93530772,4838729.684677702
12954315.93530772,4838729.684677702
12954315.93530772,4838729.684677702
12954315.93530772,4838729.684677702
12954315.93530772,4838729.684677702
12954315.93530772,4838729.684677702
12954315.93530772,4838729.684677702
12954315.93530772,4838729.684677702
12954315.93530772,4838729.684677702
12954315.93530772,4838729.684677702
12954315.93530772,4838729.684677702
12954315.93530772,4838729.684677702
12954315.93530772,4838729.684677702
12954315.93530772,4838729.684677702
12954315.93530772,4838729.684677702
12954315.93530772,4838729.684677702
12954315.93530772,4838729.684677702
12954315.93530772,4838729.684677702
12954315.93530772,4838729.684677702
12954315.93530772,4838729.684677702
12954315.93530772,4838729.684677702
12954315.93530772,4838728.235477148
12954315.93530772,4838728.235477148
12954315.93530772,4838728.235477148
12954315.93530772,4838728.235477148
12954315.93530772,4838728.235477148
12954315.93530772,4838728.235477148
12954315.93530772,4838728.235477148
12954315.93530772,4838728.235477148
12954315.93530772,4838728.235477148
12954315.93530772,4838728.235477148
12954315.93530772,4838728.235477148
12954315.93530772,4838728.235477148
12954315.93530772,4838726.786276798
12954315.93530772,4838726.786276798
12954315.93530772,4838726.786276798
12954315.93530772,4838726.786276798
12954315.93530772,4838726.786276798
12954315.93530772,4838726.786276798
12954315.93530772,4838726.786276798
12954315.93530772,4838726.786276798
12954315.93530772,4838726.786276798
12954315.93530772,4838726.786276798
12954315.93530772,4838726.786276798
12954315.93530772,4838726.786276798
12954315.93530772,4838726.786276798
12954315.93530772,4838726.786276798
12954315.93530772,4838725.33707666
12954315.93530772,4838725.33707666
12954315.93530772,4838725.33707666
12954315.93530772,4838725.33707666
12954315.93530772,4838725.33707666
12954315.93530772,4838725.33707666
12954315.93530772,4838725.33707666
12954315.93530772,4838723.887876737
12954315.93530772,4838723.887876737
12954315.93530772,4838723.887876737
12954315.93530772,4838723.887876737
12954315.93530772,4838723.887876737
12954315.93530772,4838723.887876737
12954315.93530772,4838723.887876737
12954315.93530772,4838723.887876737
12954315.93530772,4838723.887876737
12954315.93530772,4838723.887876737
12954315.93530772,4838723.887876737
12954315.93530772,4838723.887876737
12954315.93530772,4838723.887876737
12954315.93530772,4838723.887876737
12954315.93530772,4838723.887876737
12954315.93530772,4838723.887876737
12954315.93530772,4838723.887876737
12954315.93530772,4838723.887876737
12954315.93530772,4838723.887876737
12954315.93530772,4838723.887876737
12954315.93530772,4838723.887876737
12954315.93530772,4838723.887876737
12954315.93530772,4838723.887876737
12954315.93530772,4838723.887876737
12954315.93530772,4838723.887876737
12954315.93530772,4838723.887876737
12954315.93530772,4838723.887876737
12954315.93530772,4838723.887876737
12954315.93530772,4838723.887876737
12954315.93530772,4838723.887876737
12954315.93530772,4838723.887876737
12954315.93530772,4838723.887876737
12954315.93530772,4838723.887876737
12954315.93530772,4838723.887876737
12954315.93530772,4838723.887876737
12954315.93530772,4838723.887876737
12954315.93530772,4838723.887876737
12954315.93530772,4838723.887876737
12954315.93530772,4838723.887876737
12954315.93530772,4838723.887876737
12954315.93530772,4838723.887876737
12954315.93530772,4838723.887876737
12954315.93530772,4838723.887876737
12954315.93530772,4838723.887876737
12954315.93530772,4838723.887876737
12954315.93530772,4838723.887876737
12954315.93530772,4838723.887876737
12954315.93530772,4838723.887876737
12954315.93530772,4838723.887876737
12954315.93530772,4838723.887876737
12954315.93530772,4838723.887876737
12954315.93530772,4838723.887876737
12954315.93530772,4838723.887876737
12954315.93530772,4838723.887876737
12954315.93530772,4838723.887876737
12954315.93530772,4838723.887876737
12954315.93530772,4838723.887876737
12954315.93530772,4838723.887876737
12954315.93530772,4838723.887876737
12954315.93530772,4838723.887876737
12954315.93530772,4838723.887876737
12954315.93530772,4838723.887876737
12954315.93530772,4838723.887876737
12954315.93530772,4838723.887876737
12954315.93530772,4838723.887876737
12954315.93530772,4838723.887876737
12954315.93530772,4838723.887876737
12954315.93530772,4838723.887876737
12954315.93530772,4838723.887876737
12954315.93530772,4838723.887876737
12954315.93530772,4838723.887876737
12954315.93530772,4838723.887876737
12954315.93530772,4838725.33707666
12954315.93530772,4838725.33707666
12954315.93530772,4838725.33707666
12954315.93530772,4838725.33707666
12954315.93530772,4838725.33707666
12954315.93530772,4838725.33707666
12954315.93530772,4838725.33707666
12954315.93530772,4838725.33707666
12954315.93530772,4838725.33707666
12954315.93530772,4838725.33707666
12954315.93530772,4838725.33707666
12954315.93530772,4838725.33707666
12954315.93530772,4838725.33707666
12954315.93530772,4838725.33707666
12954315.93530772,4838725.33707666
12954315.93530772,4838725.33707666
12954315.93530772,4838725.33707666
12954315.93530772,4838725.33707666
12954315.93530772,4838725.33707666
12954315.93530772,4838725.33707666
12954315.93530772,4838725.33707666
12954315.93530772,4838725.33707666
12954315.93530772,4838725.33707666
12954315.93530772,4838725.33707666
12954315.93530772,4838725.33707666
12954315.93530772,4838725.33707666
12954315.93530772,4838725.33707666
12954315.93530772,4838725.33707666
12954315.93530772,4838725.33707666
12954315.93530772,4838725.33707666
12954315.93530772,4838725.33707666
12954315.93530772,4838725.33707666
12954315.93530772,4838725.33707666
12954315.93530772,4838725.33707666
12954315.93530772,4838725.33707666
12954315.93530772,4838725.33707666
12954315.93530772,4838725.33707666
12954315.93530772,4838725.33707666
12954315.93530772,4838725.33707666
12954315.93530772,4838725.33707666
12954315.93530772,4838725.33707666
12954315.93530772,4838725.33707666
12954315.93530772,4838725.33707666
12954315.93530772,4838725.33707666
12954315.93530772,4838725.33707666
12954315.93530772,4838726.786276798
12954315.93530772,4838726.786276798
12954315.93530772,4838726.786276798
12954315.93530772,4838726.786276798
12954315.93530772,4838726.786276798
12954315.93530772,4838726.786276798
12954315.93530772,4838725.33707666
12954315.93530772,4838725.33707666
12954315.93530772,4838725.33707666
12954315.93530772,4838725.33707666
12954315.93530772,4838725.33707666
12954315.93530772,4838725.33707666
12954315.93530772,4838725.33707666
12954315.93530772,4838725.33707666
12954315.93530772,4838725.33707666
12954315.93530772,4838725.33707666
12954315.93530772,4838725.33707666
12954315.93530772,4838725.33707666
12954315.93530772,4838725.33707666
12954315.93530772,4838725.33707666
12954315.93530772,4838725.33707666
12954315.93530772,4838725.33707666
12954315.93530772,4838725.33707666
12954315.93530772,4838725.33707666
12954315.93530772,4838725.33707666
12954315.93530772,4838725.33707666
12954315.93530772,4838725.33707666
12954315.93530772,4838725.33707666
12954315.93530772,4838725.33707666
12954315.93530772,4838725.33707666
12954315.93530772,4838725.33707666
12954315.93530772,4838725.33707666
12954315.93530772,4838725.33707666
12954315.93530772,4838725.33707666
12954315.93530772,4838725.33707666
12954315.93530772,4838725.33707666
12954315.93530772,4838725.33707666
12954315.93530772,4838725.33707666
12954315.93530772,4838725.33707666
12954315.93530772,4838725.33707666
12954315.93530772,4838725.33707666
12954315.93530772,4838725.33707666
12954315.93530772,4838725.33707666
12954315.93530772,4838725.33707666
12954315.93530772,4838725.33707666
12954315.93530772,4838725.33707666
12954315.93530772,4838725.33707666
12954315.93530772,4838725.33707666
12954315.93530772,4838725.33707666
12954315.93530772,4838725.33707666
12954315.93530772,4838725.33707666
12954315.93530772,4838725.33707666
12954315.93530772,4838725.33707666
12954315.93530772,4838725.33707666
12954315.93530772,4838725.33707666
12954315.93530772,4838725.33707666
12954315.93530772,4838725.33707666
12954315.93530772,4838725.33707666
12954315.93530772,4838725.33707666
12954315.93530772,4838725.33707666
12954315.93530772,4838725.33707666
12954315.93530772,4838725.33707666
12954315.93530772,4838725.33707666
12954315.93530772,4838725.33707666
12954315.93530772,4838725.33707666
12954315.93530772,4838725.33707666
12954315.93530772,4838725.33707666
12954315.93530772,4838725.33707666
12954315.93530772,4838725.33707666
12954315.93530772,4838725.33707666
12954315.93530772,4838725.33707666
12954315.93530772,4838726.786276798
12954315.93530772,4838726.786276798
12954315.93530772,4838726.786276798
12954315.93530772,4838726.786276798
12954315.93530772,4838726.786276798
12954315.93530772,4838726.786276798
12954315.93530772,4838726.786276798
12954315.93530772,4838726.786276798
12954315.93530772,4838726.786276798
12954315.93530772,4838726.786276798
12954315.93530772,4838726.786276798
12954315.93530772,4838726.786276798
12954315.93530772,4838726.786276798
12954315.93530772,4838726.786276798
12954315.93530772,4838726.786276798
12954315.93530772,4838726.786276798
12954315.93530772,4838726.786276798
12954315.93530772,4838726.786276798
12954315.93530772,4838725.33707666
12954315.93530772,4838725.33707666
12954315.93530772,4838725.33707666
12954315.93530772,4838725.33707666
12954315.93530772,4838725.33707666
12954315.93530772,4838725.33707666
12954315.93530772,4838725.33707666
12954315.93530772,4838725.33707666
12954315.93530772,4838725.33707666
12954315.93530772,4838725.33707666
12954315.93530772,4838725.33707666
12954315.93530772,4838725.33707666
12954315.93530772,4838725.33707666
12954315.93530772,4838725.33707666
12954315.93530772,4838725.33707666
12954315.93530772,4838725.33707666
12954315.93530772,4838725.33707666
12954315.93530772,4838725.33707666
12954315.93530772,4838725.33707666
12954315.93530772,4838726.786276798
12954315.93530772,4838726.786276798
12954315.93530772,4838726.786276798
12954315.93530772,4838726.786276798
12954315.93530772,4838726.786276798
12954315.93530772,4838726.786276798
12954315.93530772,4838726.786276798
12954315.93530772,4838726.786276798
12954314.822112814,4838726.786276798
12954314.822112814,4838726.786276798
12954314.822112814,4838726.786276798
12954314.822112814,4838726.786276798
12954314.822112814,4838726.786276798
12954314.822112814,4838726.786276798
12954314.822112814,4838726.786276798
12954314.822112814,4838726.786276798
12954314.822112814,4838726.786276798
12954314.822112814,4838726.786276798
12954314.822112814,4838726.786276798
12954314.822112814,4838726.786276798
12954314.822112814,4838726.786276798
12954314.822112814,4838726.786276798
12954314.822112814,4838726.786276798
12954314.822112814,4838726.786276798
12954314.822112814,4838726.786276798
12954314.822112814,4838726.786276798
12954313.708917907,4838726.786276798
12954313.708917907,4838726.786276798
12954313.708917907,4838726.786276798
12954313.708917907,4838726.786276798
12954313.708917907,4838726.786276798
12954313.708917907,4838726.786276798
12954313.708917907,4838726.786276798
12954313.708917907,4838726.786276798
12954313.708917907,4838726.786276798
12954313.708917907,4838726.786276798
12954313.708917907,4838726.786276798
12954313.708917907,4838726.786276798
12954313.708917907,4838726.786276798
12954313.708917907,4838726.786276798
12954313.708917907,4838726.786276798
12954313.708917907,4838726.786276798
12954313.708917907,4838726.786276798
12954313.708917907,4838726.786276798
12954313.708917907,4838726.786276798
12954313.708917907,4838726.786276798
12954313.708917907,4838726.786276798
12954313.708917907,4838726.786276798
12954313.708917907,4838728.235477148
12954313.708917907,4838728.235477148
12954313.708917907,4838728.235477148
12954313.708917907,4838728.235477148
12954313.708917907,4838728.235477148
12954313.708917907,4838728.235477148
12954313.708917907,4838728.235477148
12954313.708917907,4838728.235477148
12954313.708917907,4838728.235477148
12954313.708917907,4838728.235477148
12954313.708917907,4838728.235477148
12954313.708917907,4838728.235477148
12954313.708917907,4838728.235477148
12954313.708917907,4838728.235477148
12954313.708917907,4838728.235477148
12954313.708917907,4838728.235477148
12954313.708917907,4838728.235477148
12954313.708917907,4838728.235477148
12954312.595722998,4838728.235477148
12954312.595722998,4838728.235477148
12954312.595722998,4838728.235477148
12954312.595722998,4838728.235477148
12954312.595722998,4838728.235477148
12954312.595722998,4838728.235477148
12954312.595722998,4838728.235477148
12954312.595722998,4838728.235477148
12954312.595722998,4838728.235477148
12954313.708917907,4838728.235477148
12954312.595722998,4838728.235477148
12954312.595722998,4838728.235477148
12954312.595722998,4838728.235477148
12954312.595722998,4838728.235477148
12954312.595722998,4838728.235477148
12954312.595722998,4838728.235477148
12954312.595722998,4838728.235477148
12954312.595722998,4838728.235477148
12954312.595722998,4838728.235477148
12954312.595722998,4838728.235477148
12954312.595722998,4838728.235477148
12954312.595722998,4838728.235477148
12954312.595722998,4838728.235477148
12954312.595722998,4838728.235477148
12954312.595722998,4838729.684677702
12954312.595722998,4838729.684677702
12954312.595722998,4838729.684677702
12954312.595722998,4838729.684677702
12954312.595722998,4838729.684677702
12954312.595722998,4838729.684677702
12954312.595722998,4838729.684677702
12954312.595722998,4838729.684677702
12954312.595722998,4838729.684677702
12954312.595722998,4838729.684677702
12954312.595722998,4838729.684677702
2491775.4819166358,1032459.5221546986
12954312.595722998,4838729.684677702
12954312.595722998,4838729.684677702
12954312.595722998,4838729.684677702
12954312.595722998,4838729.684677702
12954312.595722998,4838729.684677702
12954312.595722998,4838729.684677702
12954312.595722998,4838729.684677702
12954312.595722998,4838729.684677702
12954312.595722998,4838729.684677702
12954312.595722998,4838729.684677702
12954312.595722998,4838729.684677702
12954312.595722998,4838729.684677702
12954312.595722998,4838729.684677702
12954312.595722998,4838729.684677702
12954312.595722998,4838729.684677702
12954312.595722998,4838729.684677702
12954312.595722998,4838729.684677702
12954312.595722998,4838729.684677702
12954312.595722998,4838729.684677702
12954312.595722998,4838729.684677702
12954312.595722998,4838729.684677702
12954312.595722998,4838729.684677702
12954312.595722998,4838729.684677702
12954312.595722998,4838729.684677702
12954312.595722998,4838729.684677702
12954312.595722998,4838729.684677702
12954312.595722998,4838729.684677702
12954312.595722998,4838729.684677702
12954312.595722998,4838729.684677702
12954312.595722998,4838729.684677702
12954312.595722998,4838729.684677702
12954312.595722998,4838729.684677702
12954312.595722998,4838729.684677702
12954312.595722998,4838729.684677702
12954312.595722998,4838729.684677702
12954312.595722998,4838729.684677702
12954312.595722998,4838729.684677702
12954312.595722998,4838729.684677702
12954312.595722998,4838729.684677702
12954312.595722998,4838731.1338784695
12954312.595722998,4838731.1338784695
12954312.595722998,4838731.1338784695
12954312.595722998,4838731.1338784695
12954312.595722998,4838731.1338784695
12954312.595722998,4838731.1338784695
12954312.595722998,4838731.1338784695
12954312.595722998,4838731.1338784695
12954312.595722998,4838731.1338784695
12954312.595722998,4838731.1338784695
12954312.595722998,4838731.1338784695
12954312.595722998,4838731.1338784695
12954312.595722998,4838731.1338784695
12954312.595722998,4838731.1338784695
12954312.595722998,4838731.1338784695
12954312.595722998,4838731.1338784695
12954312.595722998,4838731.1338784695
12954312.595722998,4838731.1338784695
12954312.595722998,4838731.1338784695
12954312.595722998,4838731.1338784695
12954312.595722998,4838731.1338784695
12954312.595722998,4838731.1338784695
12954312.595722998,4838731.1338784695
12954312.595722998,4838731.1338784695
12954312.595722998,4838731.1338784695
12954312.595722998,4838731.1338784695
12954312.595722998,4838731.1338784695
12954312.595722998,4838731.1338784695
12954312.595722998,4838731.1338784695
12954312.595722998,4838731.1338784695
12954312.595722998,4838731.1338784695
12954312.595722998,4838731.1338784695
12954312.595722998,4838731.1338784695
12954312.595722998,4838731.1338784695
12954312.595722998,4838731.1338784695
12954312.595722998,4838731.1338784695
12954312.595722998,4838731.1338784695
12954312.595722998,4838731.1338784695
12954312.595722998,4838731.1338784695
12954312.595722998,4838731.1338784695
12954312.595722998,4838731.1338784695
12954312.595722998,4838731.1338784695
12954312.595722998,4838731.1338784695
12954312.595722998,4838731.1338784695
12954312.595722998,4838731.1338784695
12954312.595722998,4838731.1338784695
12954312.595722998,4838731.1338784695
12954312.595722998,4838731.1338784695
12954312.595722998,4838731.1338784695
12954312.595722998,4838731.1338784695
12954312.595722998,4838731.1338784695
12954312.595722998,4838731.1338784695
12954312.595722998,4838731.1338784695
12954312.595722998,4838731.1338784695
12954312.595722998,4838731.1338784695
12954312.595722998,4838731.1338784695
12954312.595722998,4838731.1338784695
12954312.595722998,4838731.1338784695
12954312.595722998,4838731.1338784695
12954312.595722998,4838731.1338784695
12954312.595722998,4838731.1338784695
12954312.595722998,4838732.583079451
12954312.595722998,4838732.583079451
12954312.595722998,4838732.583079451
12954312.595722998,4838732.583079451
12954312.595722998,4838732.583079451
12954312.595722998,4838732.583079451
12954312.595722998,4838732.583079451
12954312.595722998,4838732.583079451
12954312.595722998,4838732.583079451
12954312.595722998,4838732.583079451
12954312.595722998,4838732.583079451
12954312.595722998,4838732.583079451
12954312.595722998,4838732.583079451
12954312.595722998,4838732.583079451
12954312.595722998,4838732.583079451
12954312.595722998,4838732.583079451
12954312.595722998,4838732.583079451
12954312.595722998,4838732.583079451
12954312.595722998,4838732.583079451
12954312.595722998,4838732.583079451
12954312.595722998,4838732.583079451
12954312.595722998,4838732.583079451
12954312.595722998,4838732.583079451
12954312.595722998,4838732.583079451
12954312.595722998,4838732.583079451
12954312.595722998,4838732.583079451
12954312.595722998,4838732.583079451
12954312.595722998,4838732.583079451
12954312.595722998,4838732.583079451
12954312.595722998,4838732.583079451
12954312.595722998,4838732.583079451
12954312.595722998,4838732.583079451
12954312.595722998,4838732.583079451
12954312.595722998,4838732.583079451
12954312.595722998,4838732.583079451
12954312.595722998,4838732.583079451
12954312.595722998,4838732.583079451
12954312.595722998,4838732.583079451
12954312.595722998,4838732.583079451
12954312.595722998,4838732.583079451
12954312.595722998,4838732.583079451
12954312.595722998,4838732.583079451
12954312.595722998,4838732.583079451
12954312.595722998,4838732.583079451
12954312.595722998,4838732.583079451
12954312.595722998,4838732.583079451
12954312.595722998,4838732.583079451
12954312.595722998,4838732.583079451
12954312.595722998,4838732.583079451
12954312.595722998,4838732.583079451
12954312.595722998,4838732.583079451
12954312.595722998,4838732.583079451
12954312.595722998,4838732.583079451
12954312.595722998,4838732.583079451
12954312.595722998,4838732.583079451
12954312.595722998,4838732.583079451
12954312.595722998,4838732.583079451
12954312.595722998,4838732.583079451
12954312.595722998,4838732.583079451
12954312.595722998,4838732.583079451
12954312.595722998,4838732.583079451
12954312.595722998,4838732.583079451
12954312.595722998,4838732.583079451
12954312.595722998,4838732.583079451
12954312.595722998,4838732.583079451
12954312.595722998,4838732.583079451
12954312.595722998,4838732.583079451
12954312.595722998,4838732.583079451
12954312.595722998,4838732.583079451
12954312.595722998,4838732.583079451
12954312.595722998,4838732.583079451
12954312.595722998,4838732.583079451
12954312.595722998,4838732.583079451
12954312.595722998,4838732.583079451
12954312.595722998,4838732.583079451
12954312.595722998,4838732.583079451
12954312.595722998,4838732.583079451
12954312.595722998,4838732.583079451
12954312.595722998,4838732.583079451
12954312.595722998,4838732.583079451
12954312.595722998,4838732.583079451
12954312.595722998,4838732.583079451
12954312.595722998,4838732.583079451
12954311.482528089,4838732.583079451
12954311.482528089,4838732.583079451
12954311.482528089,4838732.583079451
12954311.482528089,4838732.583079451
12954311.482528089,4838732.583079451
12954311.482528089,4838732.583079451
12954311.482528089,4838732.583079451
12954311.482528089,4838732.583079451
12954311.482528089,4838732.583079451
12954311.482528089,4838732.583079451
12954311.482528089,4838732.583079451
12954311.482528089,4838732.583079451
12954311.482528089,4838732.583079451
12954311.482528089,4838732.583079451
12954311.482528089,4838732.583079451
12954311.482528089,4838732.583079451
12954311.482528089,4838734.032280643
12954311.482528089,4838734.032280643
12954311.482528089,4838734.032280643
12954311.482528089,4838734.032280643
12954311.482528089,4838734.032280643
12954311.482528089,4838734.032280643
12954311.482528089,4838734.032280643
12954311.482528089,4838734.032280643
12954311.482528089,4838734.032280643
12954311.482528089,4838734.032280643
12954311.482528089,4838734.032280643
12954311.482528089,4838734.032280643
12954311.482528089,4838734.032280643
12954311.482528089,4838734.032280643
12954311.482528089,4838734.032280643
12954311.482528089,4838734.032280643
12954311.482528089,4838734.032280643
12954311.482528089,4838734.032280643
12954311.482528089,4838734.032280643
12954311.482528089,4838734.032280643
12954311.482528089,4838734.032280643
12954311.482528089,4838734.032280643
12954311.482528089,4838734.032280643
12954311.482528089,4838734.032280643
12954311.482528089,4838734.032280643
12954311.482528089,4838734.032280643
12954311.482528089,4838734.032280643
12954311.482528089,4838734.032280643
12954311.482528089,4838734.032280643
12954311.482528089,4838734.032280643
12954311.482528089,4838734.032280643
12954311.482528089,4838734.032280643
12954311.482528089,4838734.032280643
12954311.482528089,4838734.032280643
12954311.482528089,4838734.032280643
12954311.482528089,4838734.032280643
12954311.482528089,4838734.032280643
12954311.482528089,4838734.032280643
12954311.482528089,4838734.032280643
12954311.482528089,4838734.032280643
12954311.482528089,4838734.032280643
12954311.482528089,4838734.032280643
12954311.482528089,4838734.032280643
12954311.482528089,4838734.032280643
12954311.482528089,4838734.032280643
12954311.482528089,4838734.032280643
12954311.482528089,4838734.032280643
12954311.482528089,4838734.032280643
12954311.482528089,4838734.032280643
12954311.482528089,4838734.032280643
12954311.482528089,4838734.032280643
12954311.482528089,4838734.032280643
12954311.482528089,4838734.032280643
12954311.482528089,4838734.032280643
12954311.482528089,4838734.032280643
12954311.482528089,4838734.032280643
12954311.482528089,4838734.032280643
12954311.482528089,4838734.032280643
12954311.482528089,4838734.032280643
12954311.482528089,4838734.032280643
12954311.482528089,4838734.032280643
12954311.482528089,4838734.032280643
12954311.482528089,4838734.032280643
12954311.482528089,4838734.032280643
12954311.482528089,4838734.032280643
12954311.482528089,4838734.032280643
12954311.482528089,4838734.032280643
12954311.482528089,4838734.032280643
12954311.482528089,4838734.032280643
12954311.482528089,4838734.032280643
12954311.482528089,4838734.032280643
12954311.482528089,4838734.032280643
12954311.482528089,4838734.032280643
12954311.482528089,4838734.032280643
12954311.482528089,4838734.032280643
12954311.482528089,4838734.032280643
12954311.482528089,4838734.032280643
12954312.595722998,4838734.032280643
12954312.595722998,4838734.032280643
12954312.595722998,4838734.032280643
12954312.595722998,4838734.032280643
12954312.595722998,4838734.032280643
12954312.595722998,4838734.032280643
12954312.595722998,4838734.032280643
12954312.595722998,4838734.032280643
12954312.595722998,4838734.032280643
12954312.595722998,4838734.032280643
12954312.595722998,4838734.032280643
12954311.482528089,4838734.032280643
12954311.482528089,4838734.032280643
12954311.482528089,4838734.032280643
12954311.482528089,4838734.032280643
12954311.482528089,4838734.032280643
12954311.482528089,4838734.032280643
12954311.482528089,4838734.032280643
12954311.482528089,4838734.032280643
12954311.482528089,4838734.032280643
12954311.482528089,4838734.032280643
12954311.482528089,4838734.032280643
12954311.482528089,4838734.032280643
12954311.482528089,4838734.032280643
12954311.482528089,4838734.032280643
12954311.482528089,4838734.032280643
12954311.482528089,4838734.032280643
12954311.482528089,4838734.032280643
12954311.482528089,4838734.032280643
12954311.482528089,4838734.032280643
12954311.482528089,4838734.032280643
12954311.482528089,4838734.032280643
12954312.595722998,4838734.032280643
12954312.595722998,4838734.032280643
12954312.595722998,4838734.032280643
12954312.595722998,4838734.032280643
12954312.595722998,4838734.032280643
12954312.595722998,4838734.032280643
12954312.595722998,4838734.032280643
12954312.595722998,4838734.032280643
12954312.595722998,4838734.032280643
12954312.595722998,4838734.032280643
12954312.595722998,4838734.032280643
12954312.595722998,4838734.032280643
12954312.595722998,4838734.032280643
12954312.595722998,4838734.032280643
12954312.595722998,4838734.032280643
12954312.595722998,4838734.032280643
12954312.595722998,4838734.032280643
12954312.595722998,4838734.032280643
12954312.595722998,4838734.032280643
12954312.595722998,4838734.032280643
12954312.595722998,4838734.032280643
12954312.595722998,4838734.032280643
12954312.595722998,4838734.032280643
12954312.595722998,4838734.032280643
12954312.595722998,4838734.032280643
12954312.595722998,4838734.032280643
12954312.595722998,4838734.032280643
12954312.595722998,4838734.032280643
12954312.595722998,4838734.032280643
12954312.595722998,4838734.032280643
12954312.595722998,4838734.032280643
12954312.595722998,4838734.032280643
12954312.595722998,4838734.032280643
12954312.595722998,4838734.032280643
12954312.595722998,4838734.032280643
12954312.595722998,4838734.032280643
12954312.595722998,4838734.032280643
12954312.595722998,4838734.032280643
12954312.595722998,4838734.032280643
12954312.595722998,4838734.032280643
12954312.595722998,4838734.032280643
12954312.595722998,4838734.032280643
12954312.595722998,4838734.032280643
12954312.595722998,4838734.032280643
12954312.595722998,4838734.032280643
12954312.595722998,4838734.032280643
12954312.595722998,4838734.032280643
12954312.595722998,4838734.032280643
12954312.595722998,4838734.032280643
12954311.482528089,4838734.032280643
12954311.482528089,4838734.032280643
12954311.482528089,4838734.032280643
12954311.482528089,4838734.032280643
12954311.482528089,4838734.032280643
12954311.482528089,4838734.032280643
12954311.482528089,4838734.032280643
12954311.482528089,4838734.032280643
12954311.482528089,4838734.032280643
12954311.482528089,4838734.032280643
12954311.482528089,4838734.032280643
12954311.482528089,4838734.032280643
12954311.482528089,4838734.032280643
12954311.482528089,4838734.032280643
12954311.482528089,4838734.032280643
12954311.482528089,4838734.032280643
12954311.482528089,4838734.032280643
12954311.482528089,4838734.032280643
12954311.482528089,4838734.032280643
12954311.482528089,4838734.032280643
12954311.482528089,4838734.032280643
12954312.595722998,4838734.032280643
12954312.595722998,4838734.032280643
12954312.595722998,4838734.032280643
12954312.595722998,4838734.032280643
12954312.595722998,4838734.032280643
12954312.595722998,4838734.032280643
12954312.595722998,4838734.032280643
12954312.595722998,4838734.032280643
12954312.595722998,4838734.032280643
12954312.595722998,4838732.583079451
12954312.595722998,4838732.583079451
12954312.595722998,4838732.583079451
12954312.595722998,4838732.583079451
12954312.595722998,4838732.583079451
12954312.595722998,4838732.583079451
12954312.595722998,4838732.583079451
12954312.595722998,4838732.583079451
12954312.595722998,4838732.583079451
12954312.595722998,4838732.583079451
12954312.595722998,4838732.583079451
12954312.595722998,4838732.583079451
12954312.595722998,4838732.583079451
12954312.595722998,4838732.583079451
12954312.595722998,4838732.583079451
12954312.595722998,4838732.583079451
12954312.595722998,4838732.583079451
12954312.595722998,4838732.583079451
12954312.595722998,4838732.583079451
12954312.595722998,4838732.583079451
12954312.595722998,4838732.583079451
12954312.595722998,4838732.583079451
12954312.595722998,4838732.583079451
12954312.595722998,4838732.583079451
12954312.595722998,4838732.583079451
12954312.595722998,4838732.583079451
12954312.595722998,4838732.583079451
12954312.595722998,4838732.583079451
12954312.595722998,4838732.583079451
12954312.595722998,4838732.583079451
12954312.595722998,4838732.583079451
12954312.595722998,4838732.583079451
12954312.595722998,4838732.583079451
12954312.595722998,4838732.583079451
12954312.595722998,4838732.583079451
12954312.595722998,4838732.583079451
12954312.595722998,4838732.583079451
12954312.595722998,4838732.583079451
12954312.595722998,4838732.583079451
12954312.595722998,4838732.583079451
12954312.595722998,4838732.583079451
12954312.595722998,4838732.583079451
12954312.595722998,4838732.583079451
12954312.595722998,4838732.583079451
12954312.595722998,4838732.583079451
12954312.595722998,4838732.583079451
12954312.595722998,4838732.583079451
12954312.595722998,4838732.583079451
12954312.595722998,4838732.583079451
12954312.595722998,4838732.583079451
12954312.595722998,4838732.583079451
12954312.595722998,4838732.583079451
12954312.595722998,4838732.583079451
12954312.595722998,4838732.583079451
12954312.595722998,4838732.583079451
12954312.595722998,4838732.583079451
12954312.595722998,4838732.583079451
12954312.595722998,4838732.583079451
12954312.595722998,4838732.583079451
12954312.595722998,4838732.583079451
12954312.595722998,4838732.583079451
12954312.595722998,4838732.583079451
12954312.595722998,4838732.583079451
12954312.595722998,4838732.583079451
12954312.595722998,4838732.583079451
12954312.595722998,4838732.583079451
12954312.595722998,4838732.583079451
12954312.595722998,4838732.583079451
12954312.595722998,4838732.583079451
12954312.595722998,4838732.583079451
12954312.595722998,4838732.583079451
12954312.595722998,4838732.583079451
12954312.595722998,4838732.583079451
12954312.595722998,4838732.583079451
12954312.595722998,4838732.583079451
12954312.595722998,4838732.583079451
12954312.595722998,4838732.583079451
12954312.595722998,4838732.583079451
12954312.595722998,4838732.583079451
12954312.595722998,4838732.583079451
12954312.595722998,4838732.583079451
12954312.595722998,4838732.583079451
12954312.595722998,4838732.583079451
12954312.595722998,4838732.583079451
12954312.595722998,4838732.583079451
12954312.595722998,4838732.583079451
12954312.595722998,4838732.583079451
12954311.482528089,4838732.583079451
12954311.482528089,4838732.583079451
12954311.482528089,4838732.583079451
12954311.482528089,4838732.583079451
12954311.482528089,4838732.583079451
12954311.482528089,4838732.583079451
12954311.482528089,4838732.583079451
12954311.482528089,4838732.583079451
12954311.482528089,4838732.583079451
12954311.482528089,4838732.583079451
12954311.482528089,4838732.583079451
12954311.482528089,4838732.583079451
12954311.482528089,4838732.583079451
12954311.482528089,4838732.583079451
12954311.482528089,4838732.583079451
12954311.482528089,4838732.583079451
12954311.482528089,4838732.583079451
12954311.482528089,4838732.583079451
12954311.482528089,4838732.583079451
12954311.482528089,4838732.583079451
12954311.482528089,4838732.583079451
12954311.482528089,4838732.583079451
12954311.482528089,4838732.583079451
12954311.482528089,4838732.583079451
12954311.482528089,4838732.583079451
12954311.482528089,4838732.583079451
12954311.482528089,4838732.583079451
12954311.482528089,4838732.583079451
12954311.482528089,4838732.583079451
12954311.482528089,4838732.583079451
12954311.482528089,4838732.583079451
12954311.482528089,4838732.583079451
12954311.482528089,4838732.583079451
12954311.482528089,4838732.583079451
12954311.482528089,4838732.583079451
12954311.482528089,4838732.583079451
12954311.482528089,4838732.583079451
12954311.482528089,4838732.583079451
12954311.482528089,4838732.583079451
12954311.482528089,4838732.583079451
12954311.482528089,4838732.583079451
12954311.482528089,4838732.583079451
12954311.482528089,4838732.583079451
12954311.482528089,4838732.583079451
12954311.482528089,4838732.583079451
12954311.482528089,4838732.583079451
12954311.482528089,4838732.583079451
12954311.482528089,4838732.583079451
12954311.482528089,4838732.583079451
12954311.482528089,4838732.583079451
12954311.482528089,4838732.583079451
12954311.482528089,4838732.583079451
12954311.482528089,4838732.583079451
12954311.482528089,4838732.583079451
12954311.482528089,4838732.583079451
12954311.482528089,4838732.583079451
12954311.482528089,4838732.583079451
12954311.482528089,4838732.583079451
12954311.482528089,4838732.583079451
12954311.482528089,4838732.583079451
12954311.482528089,4838732.583079451
12954311.482528089,4838732.583079451
12954311.482528089,4838732.583079451
12954311.482528089,4838732.583079451
12954311.482528089,4838732.583079451
12954311.482528089,4838732.583079451
12954311.482528089,4838732.583079451
12954311.482528089,4838732.583079451
12954311.482528089,4838732.583079451
12954311.482528089,4838732.583079451
12954311.482528089,4838732.583079451
12954311.482528089,4838732.583079451
12954311.482528089,4838732.583079451
12954311.482528089,4838731.1338784695
12954311.482528089,4838731.1338784695
12954311.482528089,4838731.1338784695
12954311.482528089,4838731.1338784695
12954311.482528089,4838731.1338784695
12954311.482528089,4838731.1338784695
12954311.482528089,4838731.1338784695
12954311.482528089,4838731.1338784695
12954311.482528089,4838731.1338784695
12954311.482528089,4838731.1338784695
12954311.482528089,4838731.1338784695
12954311.482528089,4838731.1338784695
12954311.482528089,4838731.1338784695
12954311.482528089,4838731.1338784695
12954311.482528089,4838731.1338784695
12954311.482528089,4838731.1338784695
12954311.482528089,4838731.1338784695
12954311.482528089,4838731.1338784695
12954311.482528089,4838731.1338784695
12954311.482528089,4838731.1338784695
12954311.482528089,4838731.1338784695
12954311.482528089,4838731.1338784695
12954311.482528089,4838731.1338784695
12954311.482528089,4838731.1338784695
12954311.482528089,4838731.1338784695
12954311.482528089,4838731.1338784695
12954311.482528089,4838731.1338784695
12954311.482528089,4838731.1338784695
12954311.482528089,4838731.1338784695
12954311.482528089,4838731.1338784695
12954311.482528089,4838731.1338784695
12954311.482528089,4838731.1338784695
12954311.482528089,4838731.1338784695
12954311.482528089,4838731.1338784695
12954311.482528089,4838731.1338784695
12954311.482528089,4838731.1338784695
12954311.482528089,4838731.1338784695
12954311.482528089,4838731.1338784695
12954311.482528089,4838731.1338784695
12954311.482528089,4838731.1338784695
12954311.482528089,4838731.1338784695
12954311.482528089,4838731.1338784695
12954311.482528089,4838731.1338784695
12954311.482528089,4838731.1338784695
12954311.482528089,4838731.1338784695
12954311.482528089,4838731.1338784695
12954311.482528089,4838731.1338784695
12954311.482528089,4838731.1338784695
12954311.482528089,4838731.1338784695
12954311.482528089,4838731.1338784695
12954311.482528089,4838731.1338784695
12954311.482528089,4838731.1338784695
12954311.482528089,4838731.1338784695
12954311.482528089,4838731.1338784695
12954311.482528089,4838731.1338784695
12954311.482528089,4838731.1338784695
12954311.482528089,4838731.1338784695
12954311.482528089,4838731.1338784695
12954311.482528089,4838731.1338784695
12954311.482528089,4838731.1338784695
12954311.482528089,4838731.1338784695
12954311.482528089,4838731.1338784695
12954311.482528089,4838731.1338784695
12954311.482528089,4838731.1338784695
12954311.482528089,4838731.1338784695
12954311.482528089,4838731.1338784695
12954311.482528089,4838731.1338784695
12954311.482528089,4838731.1338784695
12954311.482528089,4838731.1338784695
12954311.482528089,4838731.1338784695
12954311.482528089,4838731.1338784695
12954311.482528089,4838731.1338784695
12954311.482528089,4838731.1338784695
12954311.482528089,4838731.1338784695
12954311.482528089,4838731.1338784695
12954311.482528089,4838731.1338784695
12954311.482528089,4838731.1338784695
12954311.482528089,4838731.1338784695
12954311.482528089,4838731.1338784695
12954311.482528089,4838731.1338784695
12954311.482528089,4838731.1338784695
12954311.482528089,4838731.1338784695
12954311.482528089,4838731.1338784695
12954311.482528089,4838731.1338784695
12954311.482528089,4838731.1338784695
12954311.482528089,4838731.1338784695
12954311.482528089,4838731.1338784695
12954311.482528089,4838731.1338784695
12954311.482528089,4838731.1338784695
12954311.482528089,4838731.1338784695
12954311.482528089,4838731.1338784695
12954311.482528089,4838731.1338784695
12954311.482528089,4838731.1338784695
12954311.482528089,4838731.1338784695
12954311.482528089,4838731.1338784695
12954311.482528089,4838731.1338784695
12954311.482528089,4838731.1338784695
12954311.482528089,4838731.1338784695
12954311.482528089,4838731.1338784695
12954311.482528089,4838731.1338784695
12954311.482528089,4838731.1338784695
12954311.482528089,4838731.1338784695
12954311.482528089,4838731.1338784695
12954311.482528089,4838731.1338784695
12954311.482528089,4838731.1338784695
12954311.482528089,4838731.1338784695
12954311.482528089,4838731.1338784695
12954311.482528089,4838731.1338784695
12954311.482528089,4838731.1338784695
12954311.482528089,4838731.1338784695
12954311.482528089,4838731.1338784695
12954311.482528089,4838731.1338784695
12954311.482528089,4838731.1338784695
12954311.482528089,4838731.1338784695
12954311.482528089,4838731.1338784695
12954311.482528089,4838731.1338784695
12954311.482528089,4838731.1338784695
12954311.482528089,4838731.1338784695
12954311.482528089,4838731.1338784695
12954311.482528089,4838731.1338784695
12954311.482528089,4838731.1338784695
12954311.482528089,4838731.1338784695
12954311.482528089,4838731.1338784695
12954311.482528089,4838731.1338784695
12954311.482528089,4838731.1338784695
12954311.482528089,4838731.1338784695
12954311.482528089,4838731.1338784695
12954311.482528089,4838731.1338784695
12954311.482528089,4838731.1338784695
12954311.482528089,4838731.1338784695
12954311.482528089,4838731.1338784695
12954311.482528089,4838731.1338784695
12954311.482528089,4838731.1338784695
12954311.482528089,4838731.1338784695
12954311.482528089,4838731.1338784695
12954311.482528089,4838731.1338784695
12954311.482528089,4838731.1338784695
12954311.482528089,4838731.1338784695
12954311.482528089,4838731.1338784695
12954311.482528089,4838731.1338784695
12954311.482528089,4838731.1338784695
12954311.482528089,4838731.1338784695
12954311.482528089,4838731.1338784695
12954311.482528089,4838731.1338784695
12954311.482528089,4838731.1338784695
12954311.482528089,4838729.684677702
12954311.482528089,4838729.684677702
12954311.482528089,4838729.684677702
12954311.482528089,4838729.684677702
12954311.482528089,4838729.684677702
12954311.482528089,4838729.684677702
12954311.482528089,4838729.684677702
12954311.482528089,4838729.684677702
12954311.482528089,4838729.684677702
12954311.482528089,4838729.684677702
12954311.482528089,4838729.684677702
12954311.482528089,4838729.684677702
12954311.482528089,4838729.684677702
12954311.482528089,4838729.684677702
12954311.482528089,4838729.684677702
12954311.482528089,4838729.684677702
12954311.482528089,4838729.684677702
12954311.482528089,4838729.684677702
12954311.482528089,4838729.684677702
12954311.482528089,4838729.684677702
12954311.482528089,4838729.684677702
12954311.482528089,4838729.684677702
12954311.482528089,4838729.684677702
12954311.482528089,4838729.684677702
12954311.482528089,4838729.684677702
12954311.482528089,4838729.684677702
12954311.482528089,4838729.684677702
12954311.482528089,4838729.684677702
12954311.482528089,4838729.684677702
12954311.482528089,4838729.684677702
12954311.482528089,4838729.684677702
12954311.482528089,4838729.684677702
12954311.482528089,4838729.684677702
12954311.482528089,4838729.684677702
12954311.482528089,4838729.684677702
12954311.482528089,4838729.684677702
12954311.482528089,4838729.684677702
12954311.482528089,4838729.684677702
12954311.482528089,4838729.684677702
12954311.482528089,4838729.684677702
12954311.482528089,4838729.684677702
12954311.482528089,4838729.684677702
12954311.482528089,4838729.684677702
12954311.482528089,4838729.684677702
12954311.482528089,4838729.684677702
12954311.482528089,4838729.684677702
12954311.482528089,4838729.684677702
12954311.482528089,4838729.684677702
12954311.482528089,4838729.684677702
12954311.482528089,4838729.684677702
12954311.482528089,4838729.684677702
12954311.482528089,4838729.684677702
12954311.482528089,4838729.684677702
12954311.482528089,4838729.684677702
12954311.482528089,4838729.684677702
12954311.482528089,4838729.684677702
12954311.482528089,4838729.684677702
12954311.482528089,4838729.684677702
12954311.482528089,4838729.684677702
12954311.482528089,4838729.684677702
12954311.482528089,4838729.684677702
12954311.482528089,4838729.684677702
12954311.482528089,4838729.684677702
12954311.482528089,4838729.684677702
12954311.482528089,4838729.684677702
12954311.482528089,4838729.684677702
12954311.482528089,4838729.684677702
12954311.482528089,4838729.684677702
12954311.482528089,4838729.684677702
12954311.482528089,4838729.684677702
12954311.482528089,4838729.684677702
12954311.482528089,4838729.684677702
12954311.482528089,4838729.684677702
12954311.482528089,4838729.684677702
12954311.482528089,4838729.684677702
12954311.482528089,4838729.684677702
12954311.482528089,4838729.684677702
12954311.482528089,4838729.684677702
12954311.482528089,4838729.684677702
12954311.482528089,4838729.684677702
12954311.482528089,4838729.684677702
12954311.482528089,4838729.684677702
12954311.482528089,4838729.684677702
12954311.482528089,4838729.684677702
12954311.482528089,4838729.684677702
12954311.482528089,4838729.684677702
12954311.482528089,4838729.684677702
12954311.482528089,4838729.684677702
12954311.482528089,4838729.684677702
12954311.482528089,4838729.684677702
12954311.482528089,4838729.684677702
12954311.482528089,4838729.684677702
12954311.482528089,4838729.684677702
12954311.482528089,4838729.684677702
12954311.482528089,4838729.684677702
12954311.482528089,4838729.684677702
12954311.482528089,4838729.684677702
12954311.482528089,4838729.684677702
12954311.482528089,4838729.684677702
12954311.482528089,4838729.684677702
12954311.482528089,4838729.684677702
12954311.482528089,4838729.684677702
12954311.482528089,4838729.684677702
12954311.482528089,4838729.684677702
12954311.482528089,4838729.684677702
12954311.482528089,4838729.684677702
12954311.482528089,4838729.684677702
12954311.482528089,4838729.684677702
12954311.482528089,4838729.684677702
12954311.482528089,4838729.684677702
12954311.482528089,4838729.684677702
12954311.482528089,4838729.684677702
12954311.482528089,4838729.684677702
12954311.482528089,4838729.684677702
12954311.482528089,4838729.684677702
12954311.482528089,4838729.684677702
12954311.482528089,4838729.684677702
12954311.482528089,4838729.684677702
12954311.482528089,4838729.684677702
12954311.482528089,4838729.684677702
12954311.482528089,4838729.684677702
12954311.482528089,4838729.684677702
12954311.482528089,4838729.684677702
12954311.482528089,4838729.684677702
12954311.482528089,4838729.684677702
12954311.482528089,4838729.684677702
12954311.482528089,4838729.684677702
12954311.482528089,4838729.684677702
12954311.482528089,4838729.684677702
12954311.482528089,4838729.684677702
12954311.482528089,4838729.684677702
12954311.482528089,4838729.684677702
12954311.482528089,4838729.684677702
12954311.482528089,4838729.684677702
12954311.482528089,4838729.684677702
12954311.482528089,4838729.684677702
12954311.482528089,4838729.684677702
12954311.482528089,4838729.684677702
12954311.482528089,4838729.684677702
12954311.482528089,4838729.684677702
12954311.482528089,4838729.684677702
12954311.482528089,4838729.684677702
12954311.482528089,4838729.684677702
12954311.482528089,4838729.684677702
12954311.482528089,4838729.684677702
12954311.482528089,4838729.684677702
12954311.482528089,4838729.684677702
12954311.482528089,4838729.684677702
12954311.482528089,4838729.684677702
12954311.482528089,4838729.684677702
12954311.482528089,4838729.684677702
12954311.482528089,4838729.684677702
12954311.482528089,4838729.684677702
12954311.482528089,4838729.684677702
12954311.482528089,4838729.684677702
12954311.482528089,4838729.684677702
12954311.482528089,4838729.684677702
12954311.482528089,4838729.684677702
12954311.482528089,4838729.684677702
12954311.482528089,4838729.684677702
12954311.482528089,4838729.684677702
12954311.482528089,4838729.684677702
12954311.482528089,4838729.684677702
12954311.482528089,4838729.684677702
12954311.482528089,4838729.684677702
12954311.482528089,4838729.684677702
12954311.482528089,4838729.684677702
12954311.482528089,4838729.684677702
12954311.482528089,4838729.684677702
12954311.482528089,4838729.684677702
12954311.482528089,4838729.684677702
12954311.482528089,4838729.684677702
12954311.482528089,4838729.684677702
12954311.482528089,4838729.684677702
12954311.482528089,4838729.684677702
12954311.482528089,4838729.684677702
12954311.482528089,4838729.684677702
12954311.482528089,4838729.684677702
12954311.482528089,4838729.684677702
12954311.482528089,4838729.684677702
12954311.482528089,4838729.684677702
12954311.482528089,4838729.684677702
12954311.482528089,4838729.684677702
12954311.482528089,4838729.684677702
12954311.482528089,4838729.684677702
12954311.482528089,4838729.684677702
12954311.482528089,4838729.684677702
12954311.482528089,4838729.684677702
12954311.482528089,4838729.684677702
12954311.482528089,4838729.684677702
12954311.482528089,4838729.684677702
12954311.482528089,4838729.684677702
12954311.482528089,4838729.684677702
12954311.482528089,4838729.684677702
12954311.482528089,4838729.684677702
12954311.482528089,4838729.684677702
12954311.482528089,4838729.684677702
12954311.482528089,4838729.684677702
12954311.482528089,4838729.684677702
12954311.482528089,4838729.684677702
12954311.482528089,4838729.684677702
12954311.482528089,4838729.684677702
12954311.482528089,4838729.684677702
12954311.482528089,4838729.684677702
12954311.482528089,4838729.684677702
12954311.482528089,4838729.684677702
12954311.482528089,4838729.684677702
12954311.482528089,4838729.684677702
12954311.482528089,4838729.684677702
12954311.482528089,4838729.684677702
12954311.482528089,4838729.684677702
12954311.482528089,4838729.684677702
12954311.482528089,4838729.684677702
12954311.482528089,4838729.684677702
12954311.482528089,4838729.684677702
12954311.482528089,4838729.684677702
12954311.482528089,4838729.684677702
12954311.482528089,4838729.684677702
12954311.482528089,4838729.684677702
12954311.482528089,4838729.684677702
12954311.482528089,4838729.684677702
12954311.482528089,4838729.684677702
12954311.482528089,4838729.684677702
12954311.482528089,4838729.684677702
12954311.482528089,4838729.684677702
12954311.482528089,4838729.684677702
12954311.482528089,4838729.684677702
12954311.482528089,4838729.684677702
12954311.482528089,4838729.684677702
12954311.482528089,4838729.684677702
12954311.482528089,4838729.684677702
12954311.482528089,4838729.684677702
12954311.482528089,4838729.684677702
12954311.482528089,4838729.684677702
12954311.482528089,4838729.684677702
12954311.482528089,4838729.684677702
12954311.482528089,4838729.684677702
12954311.482528089,4838729.684677702
12954311.482528089,4838729.684677702
12954311.482528089,4838729.684677702
12954311.482528089,4838729.684677702
12954311.482528089,4838729.684677702
12954311.482528089,4838729.684677702
12954311.482528089,4838729.684677702
12954311.482528089,4838729.684677702
12954311.482528089,4838729.684677702
12954311.482528089,4838729.684677702
12954311.482528089,4838729.684677702
12954311.482528089,4838729.684677702
12954311.482528089,4838729.684677702
12954311.482528089,4838729.684677702
12954311.482528089,4838729.684677702
12954311.482528089,4838729.684677702
12954311.482528089,4838729.684677702
12954311.482528089,4838729.684677702
12954311.482528089,4838729.684677702
12954311.482528089,4838729.684677702
12954311.482528089,4838729.684677702
12954311.482528089,4838729.684677702
12954311.482528089,4838729.684677702
12954311.482528089,4838729.684677702
12954311.482528089,4838729.684677702
12954311.482528089,4838729.684677702
12954311.482528089,4838729.684677702
12954311.482528089,4838729.684677702
12954311.482528089,4838729.684677702
12954311.482528089,4838729.684677702
12954311.482528089,4838729.684677702
12954311.482528089,4838729.684677702
12954311.482528089,4838728.235477148
12954311.482528089,4838728.235477148
12954310.369333182,4838728.235477148
12954310.369333182,4838728.235477148
12954310.369333182,4838728.235477148
12954310.369333182,4838728.235477148
12954310.369333182,4838728.235477148
12954310.369333182,4838728.235477148
12954310.369333182,4838728.235477148
12954310.369333182,4838728.235477148
12954310.369333182,4838728.235477148
12954310.369333182,4838728.235477148
12954310.369333182,4838728.235477148
12954310.369333182,4838728.235477148
12954310.369333182,4838728.235477148
12954310.369333182,4838728.235477148
12954310.369333182,4838728.235477148
12954310.369333182,4838728.235477148
12954310.369333182,4838728.235477148
12954310.369333182,4838728.235477148
12954310.369333182,4838728.235477148
12954310.369333182,4838728.235477148
12954310.369333182,4838728.235477148
12954310.369333182,4838728.235477148
12954310.369333182,4838728.235477148
12954310.369333182,4838728.235477148
12954310.369333182,4838728.235477148
12954310.369333182,4838728.235477148
12954310.369333182,4838728.235477148
12954310.369333182,4838728.235477148
12954310.369333182,4838728.235477148
12954310.369333182,4838728.235477148
12954310.369333182,4838728.235477148
12954310.369333182,4838728.235477148
12954310.369333182,4838728.235477148
12954310.369333182,4838728.235477148
12954310.369333182,4838728.235477148
12954310.369333182,4838728.235477148
12954310.369333182,4838728.235477148
12954310.369333182,4838728.235477148
12954310.369333182,4838728.235477148
12954310.369333182,4838728.235477148
12954310.369333182,4838728.235477148
12954310.369333182,4838728.235477148
12954310.369333182,4838728.235477148
12954310.369333182,4838728.235477148
12954310.369333182,4838728.235477148
12954310.369333182,4838728.235477148
12954310.369333182,4838728.235477148
12954310.369333182,4838728.235477148
12954310.369333182,4838728.235477148
12954310.369333182,4838728.235477148
12954310.369333182,4838728.235477148
12954310.369333182,4838728.235477148
12954310.369333182,4838728.235477148
12954310.369333182,4838728.235477148
12954310.369333182,4838728.235477148
12954310.369333182,4838728.235477148
12954310.369333182,4838728.235477148
12954310.369333182,4838728.235477148
12954310.369333182,4838728.235477148
12954311.482528089,4838728.235477148
12954311.482528089,4838728.235477148
12954311.482528089,4838728.235477148
12954310.369333182,4838728.235477148
12954310.369333182,4838728.235477148
12954311.482528089,4838728.235477148
12954311.482528089,4838728.235477148
12954311.482528089,4838728.235477148
12954311.482528089,4838728.235477148
12954311.482528089,4838728.235477148
12954311.482528089,4838728.235477148
12954311.482528089,4838728.235477148
12954311.482528089,4838728.235477148
12954311.482528089,4838728.235477148
12954311.482528089,4838728.235477148
12954311.482528089,4838728.235477148
12954311.482528089,4838728.235477148
12954311.482528089,4838728.235477148
12954311.482528089,4838728.235477148
12954311.482528089,4838728.235477148
12954311.482528089,4838728.235477148
12954311.482528089,4838728.235477148
12954311.482528089,4838728.235477148
12954311.482528089,4838728.235477148
12954311.482528089,4838728.235477148
12954311.482528089,4838728.235477148
12954311.482528089,4838728.235477148
12954311.482528089,4838728.235477148
12954311.482528089,4838728.235477148
12954311.482528089,4838728.235477148
12954311.482528089,4838728.235477148
12954311.482528089,4838728.235477148
12954311.482528089,4838728.235477148
12954311.482528089,4838728.235477148
12954311.482528089,4838728.235477148
12954311.482528089,4838728.235477148
12954311.482528089,4838728.235477148
12954311.482528089,4838728.235477148
12954311.482528089,4838728.235477148
12954311.482528089,4838728.235477148
12954311.482528089,4838728.235477148
12954311.482528089,4838728.235477148
12954311.482528089,4838728.235477148
12954311.482528089,4838728.235477148
12954311.482528089,4838728.235477148
12954311.482528089,4838728.235477148
12954311.482528089,4838728.235477148
12954311.482528089,4838728.235477148
12954311.482528089,4838728.235477148
12954311.482528089,4838728.235477148
12954311.482528089,4838728.235477148
12954311.482528089,4838728.235477148
12954311.482528089,4838728.235477148
12954311.482528089,4838728.235477148
12954311.482528089,4838728.235477148
12954311.482528089,4838728.235477148
12954311.482528089,4838728.235477148
12954311.482528089,4838728.235477148
12954311.482528089,4838728.235477148
12954311.482528089,4838728.235477148
12954311.482528089,4838728.235477148
12954311.482528089,4838728.235477148
12954311.482528089,4838728.235477148
12954311.482528089,4838728.235477148
12954311.482528089,4838728.235477148
12954311.482528089,4838728.235477148
12954311.482528089,4838728.235477148
12954311.482528089,4838728.235477148
12954311.482528089,4838728.235477148
12954311.482528089,4838728.235477148
12954311.482528089,4838728.235477148
12954311.482528089,4838728.235477148
12954311.482528089,4838728.235477148
12954311.482528089,4838728.235477148
12954311.482528089,4838728.235477148
12954311.482528089,4838728.235477148
12954311.482528089,4838728.235477148
12954311.482528089,4838728.235477148
12954311.482528089,4838728.235477148
12954311.482528089,4838728.235477148
12954311.482528089,4838728.235477148
12954311.482528089,4838728.235477148
12954311.482528089,4838728.235477148
12954311.482528089,4838728.235477148
12954311.482528089,4838728.235477148
12954311.482528089,4838728.235477148
12954311.482528089,4838728.235477148
12954311.482528089,4838728.235477148
12954311.482528089,4838728.235477148
12954311.482528089,4838728.235477148
12954311.482528089,4838728.235477148
12954311.482528089,4838728.235477148
12954311.482528089,4838728.235477148
12954311.482528089,4838728.235477148
12954311.482528089,4838728.235477148
12954311.482528089,4838728.235477148
12954311.482528089,4838728.235477148
12954311.482528089,4838728.235477148
12954311.482528089,4838728.235477148
12954311.482528089,4838728.235477148
12954311.482528089,4838728.235477148
12954311.482528089,4838728.235477148
12954311.482528089,4838728.235477148
12954311.482528089,4838728.235477148
12954311.482528089,4838728.235477148
12954311.482528089,4838728.235477148
12954311.482528089,4838728.235477148
12954311.482528089,4838728.235477148
12954311.482528089,4838728.235477148
12954311.482528089,4838728.235477148
12954311.482528089,4838728.235477148
12954311.482528089,4838728.235477148
12954311.482528089,4838728.235477148
12954311.482528089,4838728.235477148
12954311.482528089,4838728.235477148
12954311.482528089,4838728.235477148
12954311.482528089,4838728.235477148
12954311.482528089,4838728.235477148
12954311.482528089,4838728.235477148
12954311.482528089,4838728.235477148
12954311.482528089,4838728.235477148
12954311.482528089,4838728.235477148
12954311.482528089,4838728.235477148
12954311.482528089,4838728.235477148
12954311.482528089,4838728.235477148
12954311.482528089,4838728.235477148
12954311.482528089,4838728.235477148
12954311.482528089,4838728.235477148
12954311.482528089,4838728.235477148
12954311.482528089,4838728.235477148
12954311.482528089,4838728.235477148
12954311.482528089,4838728.235477148
12954311.482528089,4838728.235477148
12954311.482528089,4838728.235477148
12954311.482528089,4838728.235477148
12954311.482528089,4838728.235477148
12954311.482528089,4838728.235477148
12954311.482528089,4838728.235477148
12954311.482528089,4838728.235477148
12954311.482528089,4838728.235477148
12954311.482528089,4838728.235477148
12954311.482528089,4838728.235477148
12954311.482528089,4838728.235477148
12954311.482528089,4838728.235477148
12954311.482528089,4838728.235477148
12954311.482528089,4838728.235477148
12954311.482528089,4838728.235477148
12954311.482528089,4838728.235477148
12954311.482528089,4838728.235477148
12954311.482528089,4838728.235477148
12954311.482528089,4838728.235477148
12954311.482528089,4838728.235477148
12954311.482528089,4838728.235477148
12954311.482528089,4838728.235477148
12954311.482528089,4838728.235477148
12954311.482528089,4838728.235477148
12954311.482528089,4838728.235477148
12954311.482528089,4838726.786276798
12954311.482528089,4838726.786276798
12954311.482528089,4838726.786276798
12954311.482528089,4838726.786276798
12954311.482528089,4838726.786276798
12954311.482528089,4838726.786276798
12954311.482528089,4838726.786276798
12954311.482528089,4838726.786276798
12954311.482528089,4838726.786276798
12954311.482528089,4838726.786276798
12954311.482528089,4838726.786276798
12954311.482528089,4838726.786276798
12954311.482528089,4838726.786276798
12954311.482528089,4838726.786276798
12954311.482528089,4838726.786276798
12954311.482528089,4838726.786276798
12954311.482528089,4838726.786276798
12954311.482528089,4838726.786276798
12954311.482528089,4838726.786276798
12954311.482528089,4838726.786276798
12954311.482528089,4838726.786276798
12954311.482528089,4838726.786276798
12954311.482528089,4838726.786276798
12954311.482528089,4838726.786276798
12954311.482528089,4838726.786276798
12954311.482528089,4838726.786276798
12954311.482528089,4838726.786276798
12954311.482528089,4838726.786276798
12954311.482528089,4838726.786276798
12954311.482528089,4838726.786276798
12954311.482528089,4838726.786276798
12954311.482528089,4838726.786276798
12954311.482528089,4838726.786276798
12954311.482528089,4838726.786276798
12954311.482528089,4838726.786276798
12954311.482528089,4838726.786276798
12954311.482528089,4838726.786276798
12954311.482528089,4838726.786276798
12954311.482528089,4838726.786276798
12954311.482528089,4838726.786276798
12954311.482528089,4838726.786276798
12954311.482528089,4838726.786276798
12954311.482528089,4838726.786276798
12954311.482528089,4838726.786276798
12954311.482528089,4838726.786276798
12954311.482528089,4838726.786276798
12954311.482528089,4838726.786276798
12954311.482528089,4838726.786276798
12954311.482528089,4838726.786276798
12954311.482528089,4838726.786276798
12954311.482528089,4838726.786276798
12954311.482528089,4838726.786276798
12954311.482528089,4838726.786276798
12954311.482528089,4838726.786276798
12954311.482528089,4838726.786276798
12954311.482528089,4838726.786276798
12954311.482528089,4838726.786276798
12954311.482528089,4838726.786276798
12954311.482528089,4838726.786276798
12954311.482528089,4838726.786276798
12954311.482528089,4838726.786276798
12954311.482528089,4838726.786276798
12954311.482528089,4838726.786276798
12954311.482528089,4838726.786276798
12954311.482528089,4838726.786276798
12954311.482528089,4838726.786276798
12954311.482528089,4838726.786276798
12954311.482528089,4838726.786276798
12954311.482528089,4838726.786276798
12954311.482528089,4838726.786276798
12954311.482528089,4838726.786276798
12954311.482528089,4838726.786276798
12954311.482528089,4838726.786276798
12954311.482528089,4838726.786276798
12954311.482528089,4838726.786276798
12954311.482528089,4838726.786276798
12954311.482528089,4838726.786276798
12954311.482528089,4838726.786276798
12954311.482528089,4838726.786276798
12954311.482528089,4838726.786276798
12954311.482528089,4838726.786276798
12954311.482528089,4838726.786276798
12954311.482528089,4838726.786276798
12954311.482528089,4838726.786276798
12954311.482528089,4838726.786276798
12954311.482528089,4838726.786276798
12954311.482528089,4838726.786276798
12954311.482528089,4838726.786276798
12954311.482528089,4838726.786276798
12954311.482528089,4838726.786276798
12954311.482528089,4838726.786276798
12954311.482528089,4838726.786276798
12954311.482528089,4838726.786276798
12954311.482528089,4838726.786276798
12954311.482528089,4838726.786276798
12954311.482528089,4838726.786276798
12954311.482528089,4838726.786276798
12954311.482528089,4838726.786276798
12954311.482528089,4838726.786276798
12954311.482528089,4838726.786276798
12954311.482528089,4838726.786276798
12954311.482528089,4838726.786276798
12954311.482528089,4838726.786276798
12954311.482528089,4838726.786276798
12954311.482528089,4838726.786276798
12954311.482528089,4838726.786276798
12954311.482528089,4838726.786276798
12954311.482528089,4838726.786276798
12954311.482528089,4838726.786276798
12954311.482528089,4838726.786276798
12954311.482528089,4838726.786276798
12954311.482528089,4838726.786276798
12954311.482528089,4838726.786276798
12954311.482528089,4838726.786276798
12954311.482528089,4838726.786276798
12954311.482528089,4838726.786276798
12954311.482528089,4838726.786276798
12954311.482528089,4838726.786276798
12954311.482528089,4838726.786276798
12954311.482528089,4838726.786276798
12954311.482528089,4838726.786276798
12954311.482528089,4838726.786276798
12954311.482528089,4838726.786276798
12954311.482528089,4838726.786276798
12954311.482528089,4838726.786276798
12954311.482528089,4838726.786276798
12954311.482528089,4838726.786276798
12954311.482528089,4838726.786276798
12954311.482528089,4838726.786276798
12954311.482528089,4838726.786276798
12954311.482528089,4838726.786276798
12954311.482528089,4838726.786276798
12954311.482528089,4838726.786276798
12954311.482528089,4838726.786276798
12954311.482528089,4838726.786276798
12954311.482528089,4838726.786276798
12954311.482528089,4838726.786276798
12954311.482528089,4838726.786276798
12954311.482528089,4838726.786276798
12954311.482528089,4838726.786276798
12954311.482528089,4838726.786276798
12954311.482528089,4838726.786276798
12954311.482528089,4838726.786276798
12954311.482528089,4838726.786276798
12954311.482528089,4838726.786276798
12954311.482528089,4838726.786276798
12954311.482528089,4838726.786276798
12954311.482528089,4838726.786276798
12954311.482528089,4838726.786276798
12954311.482528089,4838726.786276798
12954311.482528089,4838726.786276798
12954311.482528089,4838726.786276798
12954311.482528089,4838726.786276798
12954311.482528089,4838726.786276798
12954311.482528089,4838726.786276798
12954311.482528089,4838726.786276798
12954311.482528089,4838726.786276798
12954311.482528089,4838726.786276798
12954311.482528089,4838726.786276798
12954311.482528089,4838726.786276798
12954311.482528089,4838726.786276798
12954311.482528089,4838726.786276798
12954311.482528089,4838726.786276798
12954311.482528089,4838726.786276798
12954311.482528089,4838726.786276798
12954311.482528089,4838726.786276798
12954311.482528089,4838726.786276798
12954311.482528089,4838726.786276798
12954311.482528089,4838726.786276798
12954311.482528089,4838726.786276798
12954311.482528089,4838726.786276798
12954311.482528089,4838726.786276798
12954311.482528089,4838726.786276798
12954311.482528089,4838726.786276798
12954311.482528089,4838726.786276798
12954311.482528089,4838726.786276798
12954311.482528089,4838726.786276798
12954311.482528089,4838726.786276798
12954311.482528089,4838726.786276798
12954311.482528089,4838726.786276798
12954311.482528089,4838726.786276798
12954311.482528089,4838726.786276798
12954311.482528089,4838726.786276798
12954311.482528089,4838726.786276798
12954311.482528089,4838726.786276798
12954311.482528089,4838726.786276798
12954311.482528089,4838726.786276798
12954311.482528089,4838726.786276798
12954311.482528089,4838726.786276798
12954311.482528089,4838726.786276798
12954311.482528089,4838726.786276798
12954311.482528089,4838726.786276798
12954311.482528089,4838726.786276798
12954311.482528089,4838726.786276798
12954311.482528089,4838726.786276798
12954311.482528089,4838726.786276798
12954311.482528089,4838726.786276798
12954311.482528089,4838726.786276798
12954311.482528089,4838726.786276798
12954311.482528089,4838726.786276798
12954311.482528089,4838726.786276798
12954311.482528089,4838726.786276798
12954311.482528089,4838726.786276798
12954311.482528089,4838726.786276798
12954311.482528089,4838726.786276798
12954311.482528089,4838726.786276798
12954311.482528089,4838726.786276798
12954311.482528089,4838726.786276798
12954311.482528089,4838726.786276798
12954311.482528089,4838726.786276798
12954311.482528089,4838726.786276798
12954311.482528089,4838726.786276798
12954311.482528089,4838726.786276798
12954311.482528089,4838726.786276798
12954311.482528089,4838726.786276798
12954311.482528089,4838726.786276798
12954311.482528089,4838726.786276798
12954311.482528089,4838726.786276798
12954311.482528089,4838726.786276798
12954311.482528089,4838726.786276798
12954311.482528089,4838726.786276798
12954311.482528089,4838725.33707666
12954311.482528089,4838725.33707666
12954311.482528089,4838725.33707666
12954311.482528089,4838725.33707666
12954311.482528089,4838725.33707666
12954311.482528089,4838725.33707666
12954311.482528089,4838725.33707666
12954311.482528089,4838725.33707666
12954311.482528089,4838725.33707666
12954311.482528089,4838725.33707666
12954311.482528089,4838725.33707666
12954311.482528089,4838725.33707666
12954311.482528089,4838725.33707666
12954311.482528089,4838725.33707666
12954311.482528089,4838725.33707666
12954311.482528089,4838725.33707666
12954311.482528089,4838725.33707666
12954311.482528089,4838725.33707666
12954311.482528089,4838725.33707666
12954311.482528089,4838725.33707666
12954311.482528089,4838725.33707666
12954311.482528089,4838725.33707666
12954311.482528089,4838725.33707666
12954311.482528089,4838725.33707666
12954311.482528089,4838725.33707666
12954311.482528089,4838725.33707666
12954311.482528089,4838725.33707666
12954311.482528089,4838725.33707666
12954311.482528089,4838725.33707666
12954311.482528089,4838725.33707666
12954311.482528089,4838725.33707666
12954311.482528089,4838725.33707666
12954311.482528089,4838725.33707666
12954311.482528089,4838725.33707666
12954311.482528089,4838725.33707666
12954311.482528089,4838725.33707666
12954311.482528089,4838725.33707666
12954311.482528089,4838725.33707666
12954311.482528089,4838725.33707666
12954311.482528089,4838725.33707666
12954311.482528089,4838725.33707666
12954311.482528089,4838725.33707666
12954311.482528089,4838725.33707666
12954311.482528089,4838725.33707666
12954311.482528089,4838725.33707666
12954311.482528089,4838725.33707666
12954311.482528089,4838725.33707666
12954311.482528089,4838725.33707666
12954311.482528089,4838725.33707666
12954311.482528089,4838725.33707666
12954311.482528089,4838725.33707666
12954311.482528089,4838725.33707666
12954311.482528089,4838725.33707666
12954311.482528089,4838725.33707666
12954311.482528089,4838725.33707666
12954311.482528089,4838725.33707666
12954311.482528089,4838725.33707666
12954311.482528089,4838725.33707666
12954311.482528089,4838725.33707666
12954311.482528089,4838725.33707666
12954311.482528089,4838725.33707666
12954311.482528089,4838725.33707666
12954311.482528089,4838725.33707666
12954311.482528089,4838725.33707666
12954311.482528089,4838725.33707666
12954311.482528089,4838725.33707666
12954311.482528089,4838725.33707666
12954311.482528089,4838725.33707666
12954311.482528089,4838725.33707666
12954311.482528089,4838725.33707666
12954311.482528089,4838725.33707666
12954311.482528089,4838725.33707666
12954311.482528089,4838725.33707666
12954311.482528089,4838725.33707666
12954311.482528089,4838725.33707666
12954311.482528089,4838725.33707666
12954311.482528089,4838725.33707666
12954311.482528089,4838725.33707666
12954311.482528089,4838725.33707666
12954311.482528089,4838725.33707666
12954311.482528089,4838725.33707666
12954311.482528089,4838725.33707666
12954311.482528089,4838725.33707666
12954311.482528089,4838725.33707666
12954311.482528089,4838725.33707666
12954311.482528089,4838725.33707666
12954311.482528089,4838725.33707666
12954311.482528089,4838725.33707666
12954311.482528089,4838725.33707666
12954311.482528089,4838725.33707666
12954311.482528089,4838725.33707666
12954311.482528089,4838725.33707666
12954311.482528089,4838725.33707666
12954311.482528089,4838725.33707666
12954311.482528089,4838725.33707666
12954311.482528089,4838725.33707666
12954311.482528089,4838725.33707666
12954311.482528089,4838725.33707666
12954311.482528089,4838725.33707666
12954311.482528089,4838725.33707666
12954311.482528089,4838725.33707666
12954311.482528089,4838725.33707666
12954311.482528089,4838725.33707666
12954311.482528089,4838725.33707666
12954311.482528089,4838725.33707666
12954311.482528089,4838725.33707666
12954311.482528089,4838725.33707666
12954311.482528089,4838725.33707666
12954311.482528089,4838725.33707666
12954311.482528089,4838725.33707666
12954311.482528089,4838725.33707666
12954311.482528089,4838725.33707666
12954311.482528089,4838725.33707666
12954311.482528089,4838725.33707666
12954311.482528089,4838725.33707666
12954311.482528089,4838725.33707666
12954311.482528089,4838725.33707666
12954311.482528089,4838725.33707666
12954311.482528089,4838725.33707666
12954311.482528089,4838725.33707666
12954311.482528089,4838725.33707666
12954311.482528089,4838725.33707666
12954311.482528089,4838725.33707666
12954311.482528089,4838725.33707666
12954311.482528089,4838725.33707666
12954311.482528089,4838725.33707666
12954311.482528089,4838725.33707666
12954311.482528089,4838725.33707666
12954311.482528089,4838725.33707666
12954311.482528089,4838725.33707666
12954311.482528089,4838725.33707666
12954311.482528089,4838725.33707666
12954311.482528089,4838725.33707666
12954311.482528089,4838725.33707666
12954311.482528089,4838725.33707666
12954311.482528089,4838725.33707666
12954311.482528089,4838725.33707666
12954311.482528089,4838725.33707666
12954311.482528089,4838725.33707666
12954311.482528089,4838725.33707666
12954311.482528089,4838725.33707666
12954311.482528089,4838725.33707666
12954311.482528089,4838725.33707666
12954311.482528089,4838725.33707666
12954311.482528089,4838725.33707666
12954311.482528089,4838725.33707666
12954311.482528089,4838725.33707666
12954311.482528089,4838725.33707666
12954311.482528089,4838725.33707666
12954311.482528089,4838725.33707666
12954311.482528089,4838725.33707666
12954311.482528089,4838725.33707666
12954311.482528089,4838725.33707666
12954311.482528089,4838725.33707666
12954311.482528089,4838725.33707666
12954311.482528089,4838725.33707666
12954311.482528089,4838725.33707666
12954311.482528089,4838725.33707666
12954311.482528089,4838725.33707666
12954311.482528089,4838725.33707666
12954311.482528089,4838725.33707666
12954311.482528089,4838725.33707666
12954311.482528089,4838725.33707666
12954311.482528089,4838725.33707666
12954311.482528089,4838725.33707666
12954311.482528089,4838725.33707666
12954311.482528089,4838725.33707666
12954311.482528089,4838725.33707666
12954311.482528089,4838725.33707666
12954311.482528089,4838725.33707666
12954311.482528089,4838725.33707666
12954311.482528089,4838725.33707666
12954311.482528089,4838725.33707666
12954311.482528089,4838725.33707666
12954311.482528089,4838725.33707666
12954311.482528089,4838725.33707666
12954311.482528089,4838725.33707666
12954311.482528089,4838725.33707666
12954311.482528089,4838725.33707666
12954311.482528089,4838725.33707666
12954311.482528089,4838725.33707666
12954311.482528089,4838725.33707666
12954311.482528089,4838725.33707666
12954311.482528089,4838725.33707666
12954311.482528089,4838725.33707666
12954311.482528089,4838725.33707666
12954311.482528089,4838725.33707666
12954311.482528089,4838725.33707666
12954311.482528089,4838725.33707666
12954311.482528089,4838725.33707666
12954311.482528089,4838725.33707666
12954311.482528089,4838725.33707666
12954311.482528089,4838725.33707666
12954311.482528089,4838725.33707666
12954311.482528089,4838725.33707666
12954311.482528089,4838725.33707666
12954311.482528089,4838725.33707666
12954311.482528089,4838725.33707666
12954311.482528089,4838725.33707666
12954311.482528089,4838725.33707666
12954311.482528089,4838725.33707666
12954312.595722998,4838725.33707666
12954312.595722998,4838725.33707666
12954312.595722998,4838725.33707666
12954312.595722998,4838725.33707666
12954312.595722998,4838725.33707666
12954312.595722998,4838725.33707666
12954312.595722998,4838725.33707666
12954312.595722998,4838725.33707666
12954312.595722998,4838725.33707666
12954312.595722998,4838725.33707666
12954312.595722998,4838725.33707666
12954312.595722998,4838725.33707666
12954312.595722998,4838725.33707666
12954312.595722998,4838725.33707666
12954312.595722998,4838725.33707666
12954312.595722998,4838725.33707666
12954312.595722998,4838725.33707666
12954312.595722998,4838725.33707666
12954312.595722998,4838725.33707666
12954312.595722998,4838725.33707666
12954312.595722998,4838725.33707666
12954312.595722998,4838725.33707666
12954312.595722998,4838725.33707666
12954312.595722998,4838725.33707666
12954312.595722998,4838725.33707666
12954312.595722998,4838725.33707666
12954312.595722998,4838725.33707666
12954312.595722998,4838725.33707666
12954312.595722998,4838725.33707666
12954312.595722998,4838725.33707666
12954312.595722998,4838725.33707666
12954312.595722998,4838725.33707666
12954312.595722998,4838725.33707666
12954312.595722998,4838725.33707666
12954312.595722998,4838725.33707666
12954312.595722998,4838725.33707666
12954312.595722998,4838725.33707666
12954312.595722998,4838725.33707666
12954312.595722998,4838725.33707666
12954312.595722998,4838725.33707666
12954312.595722998,4838725.33707666
12954312.595722998,4838725.33707666
12954312.595722998,4838725.33707666
12954312.595722998,4838725.33707666
12954312.595722998,4838725.33707666
12954312.595722998,4838725.33707666
12954312.595722998,4838725.33707666
12954312.595722998,4838725.33707666
12954312.595722998,4838725.33707666
12954312.595722998,4838725.33707666
12954312.595722998,4838725.33707666
12954312.595722998,4838725.33707666
12954312.595722998,4838725.33707666
12954312.595722998,4838725.33707666
12954312.595722998,4838725.33707666
12954312.595722998,4838725.33707666
12954312.595722998,4838725.33707666
12954312.595722998,4838725.33707666
12954312.595722998,4838725.33707666
12954312.595722998,4838725.33707666
12954312.595722998,4838725.33707666
12954312.595722998,4838725.33707666
12954312.595722998,4838725.33707666
12954312.595722998,4838725.33707666
12954312.595722998,4838725.33707666
12954312.595722998,4838725.33707666
12954312.595722998,4838725.33707666
12954312.595722998,4838725.33707666
12954312.595722998,4838725.33707666
12954312.595722998,4838725.33707666
12954312.595722998,4838725.33707666
12954312.595722998,4838725.33707666
12954312.595722998,4838725.33707666
12954312.595722998,4838725.33707666
12954312.595722998,4838725.33707666
12954312.595722998,4838725.33707666
12954312.595722998,4838725.33707666
12954312.595722998,4838725.33707666
12954312.595722998,4838725.33707666
12954312.595722998,4838725.33707666
12954312.595722998,4838725.33707666
12954312.595722998,4838725.33707666
12954312.595722998,4838725.33707666
12954312.595722998,4838725.33707666
12954312.595722998,4838725.33707666
12954312.595722998,4838725.33707666
12954312.595722998,4838725.33707666
12954312.595722998,4838725.33707666
12954312.595722998,4838725.33707666
12954312.595722998,4838725.33707666
12954312.595722998,4838725.33707666
12954312.595722998,4838725.33707666
12954312.595722998,4838725.33707666
12954312.595722998,4838725.33707666
12954312.595722998,4838725.33707666
12954312.595722998,4838725.33707666
12954312.595722998,4838725.33707666
12954312.595722998,4838725.33707666
12954312.595722998,4838725.33707666
12954312.595722998,4838725.33707666
12954312.595722998,4838723.887876737
12954312.595722998,4838723.887876737
12954312.595722998,4838723.887876737
12954312.595722998,4838723.887876737
12954312.595722998,4838723.887876737
12954312.595722998,4838723.887876737
12954312.595722998,4838723.887876737
12954312.595722998,4838725.33707666
12954312.595722998,4838725.33707666
12954312.595722998,4838725.33707666
12954312.595722998,4838725.33707666
12954312.595722998,4838725.33707666
12954312.595722998,4838725.33707666
12954312.595722998,4838725.33707666
12954312.595722998,4838725.33707666
12954312.595722998,4838725.33707666
12954312.595722998,4838725.33707666
12954312.595722998,4838725.33707666
12954312.595722998,4838725.33707666
12954312.595722998,4838725.33707666
12954312.595722998,4838725.33707666
12954312.595722998,4838725.33707666
12954312.595722998,4838723.887876737
12954312.595722998,4838723.887876737
12954312.595722998,4838723.887876737
12954312.595722998,4838723.887876737
12954312.595722998,4838723.887876737
12954312.595722998,4838723.887876737
12954312.595722998,4838723.887876737
12954312.595722998,4838723.887876737
12954312.595722998,4838723.887876737
12954312.595722998,4838723.887876737
12954312.595722998,4838723.887876737
12954312.595722998,4838723.887876737
12954312.595722998,4838723.887876737
12954312.595722998,4838723.887876737
12954312.595722998,4838723.887876737
12954312.595722998,4838723.887876737
12954312.595722998,4838723.887876737
12954312.595722998,4838723.887876737
12954312.595722998,4838723.887876737
12954312.595722998,4838723.887876737
12954312.595722998,4838723.887876737
12954312.595722998,4838723.887876737
12954312.595722998,4838723.887876737
12954312.595722998,4838723.887876737
12954312.595722998,4838723.887876737
12954312.595722998,4838723.887876737
12954312.595722998,4838723.887876737
12954312.595722998,4838723.887876737
12954312.595722998,4838723.887876737
12954312.595722998,4838723.887876737
12954312.595722998,4838723.887876737
12954312.595722998,4838723.887876737
12954312.595722998,4838723.887876737
12954312.595722998,4838723.887876737
12954312.595722998,4838723.887876737
12954312.595722998,4838723.887876737
12954312.595722998,4838723.887876737
12954312.595722998,4838723.887876737
12954312.595722998,4838723.887876737
12954312.595722998,4838723.887876737
12954312.595722998,4838723.887876737
12954312.595722998,4838723.887876737
12954312.595722998,4838723.887876737
12954312.595722998,4838723.887876737
12954312.595722998,4838723.887876737
12954312.595722998,4838723.887876737
12954312.595722998,4838723.887876737
12954312.595722998,4838723.887876737
12954312.595722998,4838723.887876737
12954312.595722998,4838723.887876737
12954312.595722998,4838723.887876737
12954312.595722998,4838723.887876737
12954312.595722998,4838723.887876737
12954312.595722998,4838723.887876737
12954312.595722998,4838723.887876737
12954312.595722998,4838723.887876737
12954312.595722998,4838723.887876737
12954312.595722998,4838723.887876737
12954312.595722998,4838723.887876737
12954312.595722998,4838723.887876737
12954312.595722998,4838723.887876737
12954312.595722998,4838723.887876737
12954312.595722998,4838723.887876737
12954312.595722998,4838723.887876737
12954312.595722998,4838723.887876737
12954312.595722998,4838723.887876737
12954312.595722998,4838723.887876737
12954312.595722998,4838723.887876737
12954312.595722998,4838723.887876737
12954312.595722998,4838723.887876737
12954312.595722998,4838723.887876737
12954312.595722998,4838723.887876737
12954312.595722998,4838723.887876737
12954312.595722998,4838723.887876737
12954312.595722998,4838723.887876737
12954312.595722998,4838723.887876737
12954312.595722998,4838723.887876737
12954312.595722998,4838723.887876737
12954312.595722998,4838723.887876737
12954312.595722998,4838723.887876737
12954312.595722998,4838723.887876737
12954312.595722998,4838723.887876737
12954312.595722998,4838723.887876737
12954312.595722998,4838723.887876737
12954312.595722998,4838723.887876737
12954312.595722998,4838723.887876737
12954312.595722998,4838723.887876737
12954312.595722998,4838723.887876737
12954312.595722998,4838723.887876737
12954312.595722998,4838723.887876737
12954312.595722998,4838723.887876737
12954312.595722998,4838723.887876737
12954312.595722998,4838723.887876737
12954312.595722998,4838723.887876737
12954312.595722998,4838723.887876737
12954312.595722998,4838723.887876737
12954312.595722998,4838723.887876737
12954312.595722998,4838723.887876737
12954312.595722998,4838723.887876737
12954312.595722998,4838723.887876737
12954312.595722998,4838723.887876737
12954312.595722998,4838723.887876737
12954312.595722998,4838723.887876737
12954312.595722998,4838723.887876737
12954312.595722998,4838723.887876737
12954312.595722998,4838723.887876737
12954312.595722998,4838723.887876737
12954312.595722998,4838723.887876737
12954312.595722998,4838723.887876737
12954312.595722998,4838723.887876737
12954312.595722998,4838723.887876737
12954312.595722998,4838723.887876737
12954312.595722998,4838723.887876737
12954312.595722998,4838723.887876737
12954312.595722998,4838723.887876737
12954312.595722998,4838723.887876737
12954312.595722998,4838723.887876737
12954312.595722998,4838723.887876737
12954312.595722998,4838723.887876737
12954312.595722998,4838723.887876737
12954312.595722998,4838723.887876737
12954312.595722998,4838723.887876737
12954312.595722998,4838723.887876737
12954312.595722998,4838723.887876737
12954312.595722998,4838723.887876737
12954312.595722998,4838723.887876737
12954312.595722998,4838723.887876737
12954312.595722998,4838723.887876737
12954312.595722998,4838723.887876737
12954312.595722998,4838723.887876737
12954312.595722998,4838723.887876737
12954312.595722998,4838723.887876737
12954312.595722998,4838723.887876737
12954312.595722998,4838723.887876737
12954312.595722998,4838723.887876737
12954312.595722998,4838723.887876737
12954312.595722998,4838723.887876737
12954312.595722998,4838723.887876737
12954312.595722998,4838723.887876737
12954312.595722998,4838723.887876737
12954312.595722998,4838723.887876737
12954312.595722998,4838723.887876737
12954312.595722998,4838723.887876737
12954312.595722998,4838723.887876737
12954312.595722998,4838723.887876737
12954312.595722998,4838723.887876737
12954312.595722998,4838723.887876737
12954312.595722998,4838723.887876737
12954312.595722998,4838723.887876737
12954312.595722998,4838723.887876737
12954312.595722998,4838723.887876737
12954312.595722998,4838723.887876737
12954312.595722998,4838723.887876737
12954312.595722998,4838723.887876737
12954312.595722998,4838723.887876737
12954312.595722998,4838723.887876737
12954312.595722998,4838723.887876737
12954312.595722998,4838723.887876737
12954312.595722998,4838723.887876737
12954312.595722998,4838723.887876737
12954312.595722998,4838723.887876737
12954312.595722998,4838723.887876737
12954312.595722998,4838723.887876737
12954312.595722998,4838723.887876737
12954312.595722998,4838723.887876737
12954312.595722998,4838723.887876737
12954312.595722998,4838723.887876737
12954312.595722998,4838723.887876737
12954312.595722998,4838723.887876737
12954312.595722998,4838723.887876737
12954312.595722998,4838723.887876737
12954312.595722998,4838723.887876737
12954312.595722998,4838723.887876737
12954312.595722998,4838723.887876737
12954312.595722998,4838723.887876737
12954312.595722998,4838723.887876737
12954312.595722998,4838723.887876737
12954312.595722998,4838723.887876737
12954312.595722998,4838723.887876737
12954312.595722998,4838723.887876737
12954312.595722998,4838723.887876737
12954312.595722998,4838723.887876737
12954312.595722998,4838723.887876737
12954312.595722998,4838723.887876737
12954312.595722998,4838723.887876737
12954312.595722998,4838723.887876737
12954312.595722998,4838723.887876737
12954312.595722998,4838723.887876737
12954312.595722998,4838723.887876737
12954312.595722998,4838723.887876737
12954312.595722998,4838723.887876737
12954312.595722998,4838723.887876737
12954312.595722998,4838723.887876737
12954312.595722998,4838723.887876737
12954312.595722998,4838723.887876737
12954312.595722998,4838723.887876737
12954312.595722998,4838723.887876737
12954312.595722998,4838723.887876737
12954312.595722998,4838723.887876737
12954312.595722998,4838723.887876737
12954312.595722998,4838723.887876737
12954312.595722998,4838723.887876737
12954312.595722998,4838723.887876737
12954312.595722998,4838723.887876737
12954312.595722998,4838723.887876737
12954312.595722998,4838723.887876737
12954312.595722998,4838723.887876737
12954312.595722998,4838723.887876737
12954312.595722998,4838723.887876737
12954312.595722998,4838723.887876737
12954312.595722998,4838723.887876737
12954312.595722998,4838723.887876737
12954312.595722998,4838723.887876737
12954312.595722998,4838723.887876737
12954312.595722998,4838723.887876737
12954312.595722998,4838723.887876737
12954312.595722998,4838723.887876737
12954312.595722998,4838723.887876737
12954312.595722998,4838723.887876737
12954312.595722998,4838723.887876737
12954312.595722998,4838723.887876737
12954312.595722998,4838723.887876737
12954312.595722998,4838723.887876737
12954312.595722998,4838723.887876737
12954312.595722998,4838723.887876737
12954312.595722998,4838723.887876737
12954312.595722998,4838723.887876737
12954312.595722998,4838723.887876737
12954312.595722998,4838723.887876737
12954312.595722998,4838723.887876737
12954312.595722998,4838723.887876737
12954312.595722998,4838723.887876737
12954312.595722998,4838723.887876737
12954312.595722998,4838723.887876737
12954312.595722998,4838723.887876737
12954312.595722998,4838723.887876737
12954312.595722998,4838723.887876737
12954312.595722998,4838723.887876737
12954312.595722998,4838723.887876737
12954312.595722998,4838723.887876737
12954312.595722998,4838723.887876737
12954312.595722998,4838723.887876737
12954312.595722998,4838723.887876737
12954312.595722998,4838723.887876737
12954312.595722998,4838723.887876737
12954312.595722998,4838723.887876737
12954312.595722998,4838723.887876737
12954312.595722998,4838723.887876737
12954312.595722998,4838723.887876737
12954312.595722998,4838723.887876737
12954312.595722998,4838723.887876737
12954312.595722998,4838723.887876737
12954312.595722998,4838723.887876737
12954312.595722998,4838723.887876737
12954312.595722998,4838723.887876737
12954312.595722998,4838723.887876737
12954312.595722998,4838723.887876737
12954312.595722998,4838723.887876737
12954312.595722998,4838723.887876737
12954312.595722998,4838723.887876737
12954312.595722998,4838723.887876737
12954312.595722998,4838723.887876737
12954312.595722998,4838723.887876737
12954312.595722998,4838723.887876737
12954312.595722998,4838723.887876737
12954312.595722998,4838723.887876737
12954312.595722998,4838723.887876737
12954312.595722998,4838723.887876737
12954312.595722998,4838723.887876737
12954312.595722998,4838723.887876737
12954312.595722998,4838723.887876737
12954312.595722998,4838723.887876737
12954312.595722998,4838723.887876737
12954312.595722998,4838723.887876737
12954312.595722998,4838723.887876737
12954312.595722998,4838723.887876737
12954312.595722998,4838723.887876737
12954312.595722998,4838723.887876737
12954312.595722998,4838723.887876737
12954312.595722998,4838723.887876737
12954312.595722998,4838723.887876737
12954312.595722998,4838723.887876737
12954312.595722998,4838723.887876737
12954312.595722998,4838723.887876737
12954312.595722998,4838723.887876737
12954312.595722998,4838723.887876737
12954312.595722998,4838723.887876737
12954312.595722998,4838723.887876737
12954312.595722998,4838723.887876737
12954312.595722998,4838723.887876737
12954312.595722998,4838723.887876737
12954312.595722998,4838723.887876737
12954312.595722998,4838723.887876737
12954312.595722998,4838723.887876737
12954312.595722998,4838723.887876737
12954312.595722998,4838723.887876737
12954312.595722998,4838723.887876737
12954312.595722998,4838723.887876737
12954312.595722998,4838723.887876737
12954312.595722998,4838723.887876737
12954312.595722998,4838723.887876737
12954312.595722998,4838723.887876737
12954312.595722998,4838723.887876737
12954312.595722998,4838723.887876737
12954312.595722998,4838723.887876737
12954312.595722998,4838723.887876737
12954312.595722998,4838723.887876737
12954312.595722998,4838723.887876737
12954312.595722998,4838723.887876737
12954312.595722998,4838723.887876737
12954312.595722998,4838723.887876737
12954312.595722998,4838723.887876737
12954312.595722998,4838723.887876737
12954312.595722998,4838723.887876737
12954312.595722998,4838723.887876737
12954312.595722998,4838723.887876737
12954312.595722998,4838723.887876737
12954312.595722998,4838723.887876737
12954312.595722998,4838723.887876737
12954312.595722998,4838723.887876737
12954312.595722998,4838723.887876737
12954312.595722998,4838723.887876737
12954312.595722998,4838723.887876737
12954312.595722998,4838723.887876737
12954312.595722998,4838723.887876737
12954312.595722998,4838723.887876737
12954312.595722998,4838723.887876737
12954312.595722998,4838723.887876737
12954312.595722998,4838723.887876737
12954312.595722998,4838723.887876737
12954312.595722998,4838723.887876737
12954312.595722998,4838723.887876737
12954312.595722998,4838723.887876737
12954312.595722998,4838723.887876737
12954312.595722998,4838723.887876737
12954312.595722998,4838723.887876737
12954312.595722998,4838723.887876737
12954312.595722998,4838723.887876737
12954312.595722998,4838723.887876737
12954312.595722998,4838723.887876737
12954312.595722998,4838723.887876737
12954312.595722998,4838723.887876737
12954312.595722998,4838723.887876737
12954312.595722998,4838723.887876737
12954312.595722998,4838723.887876737
12954312.595722998,4838723.887876737
12954312.595722998,4838722.438677024
12954312.595722998,4838722.438677024
12954312.595722998,4838722.438677024
12954312.595722998,4838722.438677024
12954312.595722998,4838722.438677024
12954312.595722998,4838722.438677024
12954312.595722998,4838722.438677024
12954312.595722998,4838722.438677024
12954312.595722998,4838722.438677024
12954312.595722998,4838722.438677024
12954312.595722998,4838722.438677024
12954312.595722998,4838722.438677024
12954312.595722998,4838722.438677024
12954312.595722998,4838722.438677024
12954312.595722998,4838722.438677024
12954312.595722998,4838722.438677024
12954312.595722998,4838722.438677024
12954312.595722998,4838722.438677024
12954312.595722998,4838722.438677024
12954312.595722998,4838722.438677024
12954312.595722998,4838722.438677024
12954312.595722998,4838722.438677024
12954312.595722998,4838722.438677024
12954312.595722998,4838722.438677024
12954312.595722998,4838722.438677024
12954311.482528089,4838722.438677024
12954311.482528089,4838722.438677024
12954311.482528089,4838722.438677024
12954311.482528089,4838722.438677024
12954311.482528089,4838722.438677024
12954311.482528089,4838722.438677024
12954311.482528089,4838722.438677024
12954311.482528089,4838722.438677024
12954311.482528089,4838722.438677024
12954311.482528089,4838722.438677024
12954311.482528089,4838722.438677024
12954311.482528089,4838722.438677024
12954311.482528089,4838722.438677024
12954311.482528089,4838722.438677024
12954311.482528089,4838722.438677024
12954311.482528089,4838722.438677024
12954311.482528089,4838722.438677024
12954311.482528089,4838722.438677024
12954311.482528089,4838722.438677024
12954311.482528089,4838722.438677024
12954311.482528089,4838722.438677024
12954311.482528089,4838722.438677024
12954311.482528089,4838722.438677024
12954311.482528089,4838722.438677024
12954311.482528089,4838722.438677024
12954311.482528089,4838722.438677024
12954311.482528089,4838722.438677024
12954311.482528089,4838722.438677024
12954311.482528089,4838722.438677024
12954311.482528089,4838722.438677024
12954311.482528089,4838722.438677024
12954311.482528089,4838722.438677024
12954311.482528089,4838722.438677024
12954311.482528089,4838722.438677024
12954311.482528089,4838722.438677024
12954311.482528089,4838722.438677024
12954311.482528089,4838722.438677024
12954311.482528089,4838722.438677024
12954311.482528089,4838722.438677024
12954311.482528089,4838722.438677024
12954311.482528089,4838722.438677024
12954311.482528089,4838722.438677024
12954311.482528089,4838722.438677024
12954311.482528089,4838722.438677024
12954311.482528089,4838722.438677024
12954311.482528089,4838722.438677024
12954311.482528089,4838722.438677024
12954311.482528089,4838722.438677024
12954311.482528089,4838722.438677024
12954311.482528089,4838722.438677024
12954311.482528089,4838722.438677024
12954311.482528089,4838722.438677024
12954311.482528089,4838722.438677024
12954311.482528089,4838722.438677024
12954311.482528089,4838722.438677024
12954311.482528089,4838722.438677024
12954311.482528089,4838722.438677024
12954311.482528089,4838722.438677024
12954311.482528089,4838722.438677024
12954311.482528089,4838720.989477522
12954311.482528089,4838720.989477522
12954311.482528089,4838720.989477522
12954311.482528089,4838720.989477522
12954311.482528089,4838720.989477522
12954311.482528089,4838720.989477522
12954311.482528089,4838720.989477522
12954311.482528089,4838720.989477522
12954311.482528089,4838720.989477522
12954311.482528089,4838720.989477522
12954311.482528089,4838720.989477522
12954311.482528089,4838720.989477522
12954311.482528089,4838720.989477522
12954311.482528089,4838720.989477522
12954311.482528089,4838720.989477522
12954311.482528089,4838720.989477522
12954311.482528089,4838720.989477522
12954311.482528089,4838720.989477522
12954311.482528089,4838720.989477522
12954311.482528089,4838720.989477522
12954311.482528089,4838720.989477522
12954311.482528089,4838720.989477522
12954311.482528089,4838720.989477522
12954311.482528089,4838720.989477522
12954311.482528089,4838720.989477522
12954311.482528089,4838720.989477522
12954311.482528089,4838720.989477522
12954311.482528089,4838720.989477522
12954311.482528089,4838720.989477522
12954311.482528089,4838720.989477522
12954311.482528089,4838720.989477522
12954311.482528089,4838720.989477522
12954311.482528089,4838720.989477522
12954311.482528089,4838720.989477522
12954311.482528089,4838720.989477522
12954311.482528089,4838720.989477522
12954311.482528089,4838720.989477522
12954311.482528089,4838720.989477522
12954311.482528089,4838720.989477522
12954311.482528089,4838720.989477522
12954311.482528089,4838720.989477522
12954311.482528089,4838720.989477522
12954311.482528089,4838720.989477522
12954311.482528089,4838720.989477522
12954311.482528089,4838720.989477522
12954311.482528089,4838720.989477522
12954312.595722998,4838720.989477522
12954312.595722998,4838720.989477522
12954312.595722998,4838720.989477522
12954312.595722998,4838720.989477522
12954312.595722998,4838720.989477522
12954312.595722998,4838720.989477522
12954312.595722998,4838720.989477522
12954312.595722998,4838720.989477522
12954312.595722998,4838720.989477522
12954312.595722998,4838720.989477522
12954312.595722998,4838720.989477522
12954312.595722998,4838720.989477522
12954312.595722998,4838720.989477522
12954312.595722998,4838720.989477522
12954312.595722998,4838720.989477522
12954312.595722998,4838720.989477522
12954312.595722998,4838720.989477522
12954312.595722998,4838720.989477522
12954312.595722998,4838720.989477522
12954312.595722998,4838720.989477522
12954312.595722998,4838720.989477522
12954312.595722998,4838720.989477522
12954312.595722998,4838720.989477522
12954312.595722998,4838720.989477522
12954312.595722998,4838720.989477522
12954312.595722998,4838720.989477522
12954312.595722998,4838720.989477522
12954312.595722998,4838720.989477522
12954312.595722998,4838720.989477522
12954312.595722998,4838720.989477522
12954312.595722998,4838720.989477522
12954312.595722998,4838720.989477522
12954312.595722998,4838720.989477522
12954312.595722998,4838720.989477522
12954312.595722998,4838720.989477522
12954312.595722998,4838720.989477522
12954312.595722998,4838720.989477522
12954312.595722998,4838720.989477522
12954312.595722998,4838720.989477522
12954312.595722998,4838720.989477522
12954312.595722998,4838720.989477522
12954312.595722998,4838720.989477522
12954312.595722998,4838720.989477522
12954312.595722998,4838720.989477522
12954312.595722998,4838720.989477522
12954312.595722998,4838720.989477522
12954312.595722998,4838720.989477522
12954312.595722998,4838720.989477522
12954312.595722998,4838720.989477522
12954312.595722998,4838720.989477522
12954312.595722998,4838720.989477522
12954312.595722998,4838720.989477522
12954312.595722998,4838720.989477522
12954312.595722998,4838720.989477522
12954312.595722998,4838720.989477522
12954312.595722998,4838720.989477522
12954312.595722998,4838720.989477522
12954312.595722998,4838720.989477522
12954312.595722998,4838720.989477522
12954312.595722998,4838720.989477522
12954312.595722998,4838720.989477522
12954312.595722998,4838720.989477522
12954312.595722998,4838720.989477522
12954312.595722998,4838720.989477522
12954312.595722998,4838720.989477522
12954312.595722998,4838720.989477522
12954312.595722998,4838720.989477522
12954312.595722998,4838720.989477522
12954312.595722998,4838720.989477522
12954312.595722998,4838720.989477522
12954312.595722998,4838720.989477522
12954312.595722998,4838720.989477522
12954312.595722998,4838720.989477522
12954312.595722998,4838720.989477522
12954312.595722998,4838720.989477522
12954312.595722998,4838720.989477522
12954312.595722998,4838720.989477522
12954312.595722998,4838720.989477522
12954312.595722998,4838720.989477522
12954312.595722998,4838720.989477522
12954312.595722998,4838720.989477522
12954311.482528089,4838720.989477522
12954311.482528089,4838720.989477522
12954311.482528089,4838720.989477522
12954312.595722998,4838720.989477522
12954312.595722998,4838720.989477522
12954312.595722998,4838720.989477522
12954312.595722998,4838720.989477522
12954312.595722998,4838720.989477522
12954312.595722998,4838720.989477522
12954312.595722998,4838720.989477522
12954312.595722998,4838720.989477522
12954312.595722998,4838720.989477522
12954312.595722998,4838720.989477522
12954312.595722998,4838720.989477522
12954312.595722998,4838720.989477522
12954312.595722998,4838720.989477522
12954312.595722998,4838720.989477522
12954312.595722998,4838720.989477522
12954312.595722998,4838720.989477522
12954312.595722998,4838720.989477522
12954312.595722998,4838720.989477522
12954312.595722998,4838720.989477522
12954312.595722998,4838720.989477522
12954312.595722998,4838720.989477522
12954312.595722998,4838720.989477522
12954312.595722998,4838720.989477522
12954312.595722998,4838720.989477522
12954312.595722998,4838720.989477522
12954312.595722998,4838720.989477522
12954312.595722998,4838720.989477522
12954312.595722998,4838720.989477522
12954312.595722998,4838720.989477522
12954312.595722998,4838720.989477522
12954312.595722998,4838720.989477522
12954312.595722998,4838720.989477522
12954312.595722998,4838720.989477522
12954312.595722998,4838720.989477522
12954312.595722998,4838720.989477522
12954312.595722998,4838720.989477522
12954312.595722998,4838720.989477522
12954311.482528089,4838720.989477522
12954311.482528089,4838720.989477522
12954311.482528089,4838720.989477522
12954311.482528089,4838720.989477522
12954311.482528089,4838720.989477522
12954311.482528089,4838720.989477522
12954311.482528089,4838720.989477522
12954311.482528089,4838720.989477522
12954311.482528089,4838720.989477522
12954311.482528089,4838720.989477522
12954311.482528089,4838720.989477522
12954311.482528089,4838720.989477522
12954311.482528089,4838720.989477522
12954311.482528089,4838720.989477522
12954311.482528089,4838720.989477522
12954311.482528089,4838720.989477522
12954311.482528089,4838720.989477522
12954311.482528089,4838720.989477522
12954311.482528089,4838720.989477522
12954311.482528089,4838720.989477522
12954311.482528089,4838720.989477522
12954311.482528089,4838720.989477522
12954311.482528089,4838720.989477522
12954311.482528089,4838720.989477522
12954311.482528089,4838720.989477522
12954311.482528089,4838720.989477522
12954311.482528089,4838720.989477522
12954311.482528089,4838720.989477522
12954311.482528089,4838720.989477522
12954311.482528089,4838720.989477522
12954311.482528089,4838720.989477522
12954311.482528089,4838720.989477522
12954311.482528089,4838720.989477522
12954311.482528089,4838720.989477522
12954311.482528089,4838720.989477522
12954311.482528089,4838720.989477522
12954311.482528089,4838720.989477522
12954311.482528089,4838720.989477522
12954311.482528089,4838720.989477522
12954311.482528089,4838720.989477522
12954311.482528089,4838720.989477522
12954311.482528089,4838720.989477522
12954311.482528089,4838720.989477522
12954311.482528089,4838720.989477522
12954311.482528089,4838720.989477522
12954311.482528089,4838720.989477522
12954311.482528089,4838720.989477522
12954311.482528089,4838720.989477522
12954311.482528089,4838720.989477522
12954311.482528089,4838720.989477522
12954311.482528089,4838720.989477522
12954311.482528089,4838720.989477522
12954311.482528089,4838720.989477522
12954311.482528089,4838720.989477522
12954311.482528089,4838720.989477522
12954311.482528089,4838720.989477522
12954311.482528089,4838720.989477522
12954311.482528089,4838720.989477522
12954311.482528089,4838720.989477522
12954311.482528089,4838720.989477522
12954311.482528089,4838720.989477522
12954311.482528089,4838720.989477522
12954311.482528089,4838720.989477522
12954311.482528089,4838720.989477522
12954311.482528089,4838720.989477522
12954311.482528089,4838720.989477522
12954311.482528089,4838720.989477522
12954311.482528089,4838720.989477522
12954311.482528089,4838720.989477522
12954311.482528089,4838720.989477522
12954311.482528089,4838720.989477522
12954311.482528089,4838720.989477522
12954311.482528089,4838720.989477522
12954311.482528089,4838720.989477522
12954311.482528089,4838720.989477522
12954311.482528089,4838720.989477522
12954311.482528089,4838720.989477522
12954311.482528089,4838720.989477522
12954311.482528089,4838720.989477522
12954311.482528089,4838720.989477522
12954311.482528089,4838720.989477522
12954311.482528089,4838720.989477522
12954311.482528089,4838720.989477522
12954311.482528089,4838720.989477522
12954311.482528089,4838720.989477522
12954311.482528089,4838720.989477522
12954311.482528089,4838720.989477522
12954311.482528089,4838720.989477522
12954311.482528089,4838720.989477522
12954311.482528089,4838720.989477522
12954311.482528089,4838720.989477522
12954311.482528089,4838720.989477522
12954311.482528089,4838720.989477522
12954311.482528089,4838720.989477522
12954311.482528089,4838720.989477522
12954311.482528089,4838720.989477522
12954311.482528089,4838720.989477522
12954311.482528089,4838720.989477522
12954311.482528089,4838720.989477522
12954311.482528089,4838720.989477522
12954311.482528089,4838720.989477522
12954311.482528089,4838720.989477522
12954311.482528089,4838720.989477522
12954311.482528089,4838720.989477522
12954311.482528089,4838720.989477522
12954311.482528089,4838720.989477522
12954312.595722998,4838720.989477522
12954312.595722998,4838720.989477522
12954312.595722998,4838720.989477522
12954312.595722998,4838720.989477522
12954312.595722998,4838720.989477522
12954312.595722998,4838720.989477522
12954312.595722998,4838720.989477522
12954312.595722998,4838720.989477522
12954312.595722998,4838720.989477522
12954312.595722998,4838720.989477522
12954312.595722998,4838720.989477522
12954312.595722998,4838720.989477522
12954312.595722998,4838720.989477522
12954312.595722998,4838720.989477522
12954312.595722998,4838720.989477522
12954312.595722998,4838720.989477522
12954312.595722998,4838720.989477522
12954312.595722998,4838720.989477522
12954312.595722998,4838720.989477522
12954312.595722998,4838720.989477522
12954312.595722998,4838720.989477522
12954312.595722998,4838720.989477522
12954312.595722998,4838720.989477522
12954312.595722998,4838720.989477522
12954312.595722998,4838720.989477522
12954312.595722998,4838720.989477522
12954331.520036431,4838757.219528355
12954331.520036431,4838754.321119441
12954332.63323134,4838748.524304138
12954331.520036431,4838745.625897752
12954325.954061892,4838706.49749408
12954325.954061892,4838705.048296895
12954325.954061892,4838705.048296895
12954325.954061892,4838705.048296895
12954325.954061892,4838705.048296895
12954325.954061892,4838705.048296895
12954325.954061892,4838705.048296895
12954324.840866985,4838706.49749408
12954324.840866985,4838707.946691478
12954324.840866985,4838707.946691478
12954323.727672078,4838709.395889082
12954323.727672078,4838709.395889082
12954323.727672078,4838710.845086899
12954323.727672078,4838710.845086899
12954323.727672078,4838709.395889082
12954323.727672078,4838709.395889082
12954323.727672078,4838709.395889082
12954323.727672078,4838709.395889082
12954323.727672078,4838709.395889082
12954323.727672078,4838709.395889082
12954323.727672078,4838709.395889082
12954323.727672078,4838709.395889082
12954323.727672078,4838709.395889082
12954323.727672078,4838709.395889082
12954322.614477169,4838707.946691478
12954322.614477169,4838707.946691478
12954322.614477169,4838709.395889082
12954321.50128226,4838709.395889082
12954321.50128226,4838709.395889082
12954321.50128226,4838709.395889082
12954321.50128226,4838709.395889082
12954321.50128226,4838709.395889082
12954321.50128226,4838709.395889082
12954321.50128226,4838709.395889082
12954321.50128226,4838709.395889082
12954321.50128226,4838709.395889082
12954320.388087353,4838709.395889082
12954320.388087353,4838709.395889082
12954320.388087353,4838709.395889082
12954320.388087353,4838709.395889082
12954320.388087353,4838709.395889082
12954320.388087353,4838709.395889082
12954320.388087353,4838709.395889082
12954320.388087353,4838709.395889082
12954320.388087353,4838709.395889082
12954320.388087353,4838709.395889082
12954320.388087353,4838709.395889082
12954320.388087353,4838710.845086899
12954320.388087353,4838710.845086899
12954320.388087353,4838710.845086899
12954320.388087353,4838710.845086899
12954320.388087353,4838710.845086899
12954320.388087353,4838710.845086899
12954320.388087353,4838710.845086899
12954320.388087353,4838710.845086899
12954320.388087353,4838710.845086899
12954320.388087353,4838710.845086899
12954320.388087353,4838712.294284923
12954320.388087353,4838712.294284923
12954320.388087353,4838712.294284923
12954320.388087353,4838712.294284923
12954320.388087353,4838712.294284923
12954320.388087353,4838712.294284923
12954320.388087353,4838712.294284923
12954320.388087353,4838710.845086899
12954320.388087353,4838710.845086899
12954320.388087353,4838710.845086899
12954320.388087353,4838710.845086899
12954319.274892446,4838710.845086899
12954319.274892446,4838710.845086899
12954319.274892446,4838710.845086899
12954319.274892446,4838710.845086899
12954319.274892446,4838710.845086899
12954319.274892446,4838710.845086899
12954319.274892446,4838710.845086899
12954319.274892446,4838710.845086899
12954319.274892446,4838710.845086899
12954319.274892446,4838710.845086899
12954319.274892446,4838710.845086899
12954319.274892446,4838710.845086899
12954319.274892446,4838710.845086899
12954319.274892446,4838710.845086899
12954319.274892446,4838710.845086899
12954319.274892446,4838710.845086899
12954319.274892446,4838710.845086899
12954319.274892446,4838710.845086899
12954319.274892446,4838710.845086899
12954319.274892446,4838710.845086899
12954319.274892446,4838710.845086899
12954319.274892446,4838710.845086899
12954319.274892446,4838710.845086899
12954319.274892446,4838709.395889082
12954319.274892446,4838710.845086899
12954319.274892446,4838710.845086899
12954319.274892446,4838710.845086899
12954319.274892446,4838709.395889082
12954318.161697537,4838709.395889082
12954318.161697537,4838709.395889082
12954327.0672568,4838709.395889082
12954327.0672568,4838707.946691478
12954323.727672078,4838710.845086899
12954315.93530772,4838741.278289756
12954309.256138274,4838773.160792467
12954301.463773917,4838835.476887864
12954301.463773917,4838857.215152393
12954302.576968826,4838905.039501339
12954302.576968826,4838941.270221582
12954305.91655355,4838986.196497697
12954302.576968826,4838989.094974082
12954303.690163735,4838987.645735783
12954304.803358642,4838987.645735783
12954305.91655355,4838987.645735783
12954304.803358642,4838987.645735783
12954304.803358642,4838987.645735783
12954304.803358642,4838989.094974082
12954304.803358642,4838989.094974082
12954303.690163735,4838990.544212589
12954303.690163735,4838991.993451311
12954302.576968826,4838991.993451311
12954302.576968826,4838990.544212589
12954302.576968826,4838990.544212589
12954302.576968826,4838990.544212589
12954301.463773917,4838990.544212589
12954301.463773917,4838990.544212589
12954301.463773917,4838990.544212589
12954304.803358642,4839015.181299497
12954307.029748458,4839054.310915711
12954319.274892446,4839115.179513125
12954325.954061892,4839158.657310435
12954325.954061892,4839158.657310435
12954344.878375327,4839236.917823823
12954344.878375327,4839236.917823823
12954360.463104038,4839300.686104176
12954382.727002198,4839397.788587928
12954400.538120724,4839464.456512899
12954423.915213792,4839547.06738681
12954448.405501768,4839645.621606346
12954462.877035568,4839707.943160236
12954470.669399923,4839796.353475431
12954478.461764282,4839848.530423134
12954484.02773882,4839923.897607938
12954486.254128637,4839963.030794219
12954487.367323544,4839992.018438741
12954517.423586057,4840128.261498137
12954529.668730045,4840183.339008609
12954550.819433294,4840268.854694248
12954569.74374673,4840318.135253365
12954617.611127771,4840368.865495407
12954675.497262983,4840403.6520964485
12954761.213270895,4840444.2366179
12954819.099406106,4840471.776208789
12954902.589024203,4840509.462088155
12954951.569600152,4840529.754543803
12955033.946023338,4840571.789047753
12955085.152989104,4840592.081630401
12955154.171073394,4840626.869011142
12955204.264844252,4840652.959626443
12955278.848903082,4840690.646191438
12955328.94267394,4840715.287484125
12955407.979512405,4840757.322771192
12955444.714944366,4840799.358235691
12955459.186478168,4840881.980183022
12955456.960088352,4840938.511384061
12955455.846893445,4841016.785884524
12955455.846893445,4841048.6756722145
12955456.960088352,4841073.317850829
12955458.07328326,4841089.262822428
12955454.733698538,4841116.804197141
12955453.620503629,4841139.996992828
12955454.733698538,4841190.7314217035
12955454.733698538,4841218.273077058
12955453.620503629,4841247.264375513
12955451.394113813,4841257.411349913
12955451.394113813,4841250.163510002
12955452.507308722,4841248.713942651
12955453.620503629,4841248.713942651
12955452.507308722,4841248.713942651
12955450.280918906,4841279.1549013
12955450.280918906,4841315.394259123
12955451.394113813,4841409.617206692
12955448.05452909,4841476.298600635
12955442.48855455,4841558.926164786
12955439.148969825,4841609.662728149
12955435.809385102,4841686.492873394
12955435.809385102,4841686.492873394
12955435.809385102,4841724.183350067
12955435.809385102,4841724.183350067
12955429.130215652,4841896.691583363
12955424.677436024,4841957.577555762
12955420.224656392,4842072.102179294
12955419.111461481,4842119.94196906
12955416.885071665,4842199.6754628075
12955415.77187676,4842253.31471786
12955414.658681853,4842330.149829892
12955413.545486942,4842375.091396676
12955412.432292037,4842440.329515883
12955404.639927682,4842549.060664513
12955399.073953139,4842563.558240719
12955395.734368416,4842608.500861112
12955395.734368416,4842663.592091906
12955396.847563323,4842708.535163872
12955401.300342955,4842766.526524261
12955403.52673277,4842802.771296044
12955399.073953139,4842857.863601866
12955412.432292037,4842931.803754634
12955444.714944366,4842934.703379659
12955483.676766142,4842956.450594258
12955484.789961051,4842983.997134284
12955472.544817064,4843010.093926722
12955459.186478168,4843028.941652696
12955443.601749457,4843050.689073158
12955443.601749457,4843050.689073158
12955443.601749457,4843050.689073158
12955443.601749457,4843050.689073158
12955443.601749457,4843050.689073158
12955443.601749457,4843050.689073158
12955443.601749457,4843050.689073158
12955443.601749457,4843050.689073158
12955443.601749457,4843050.689073158
12955443.601749457,4843050.689073158
12955443.601749457,4843050.689073158
12955443.601749457,4843050.689073158
12955443.601749457,4843050.689073158
12955443.601749457,4843050.689073158
12955443.601749457,4843050.689073158
12955443.601749457,4843050.689073158
12955443.601749457,4843050.689073158
12955443.601749457,4843050.689073158
12955443.601749457,4843050.689073158
12955443.601749457,4843050.689073158
12955443.601749457,4843050.689073158
12955443.601749457,4843050.689073158
12955443.601749457,4843050.689073158
12955443.601749457,4843050.689073158
12955443.601749457,4843050.689073158
12955443.601749457,4843050.689073158
12955443.601749457,4843050.689073158
12955443.601749457,4843050.689073158
12955443.601749457,4843050.689073158
12955443.601749457,4843050.689073158
12955443.601749457,4843050.689073158
12955443.601749457,4843050.689073158
12955443.601749457,4843050.689073158
12955443.601749457,4843050.689073158
12955443.601749457,4843050.689073158
12955443.601749457,4843050.689073158
12955443.601749457,4843050.689073158
12955443.601749457,4843050.689073158
12955443.601749457,4843050.689073158
12955443.601749457,4843050.689073158
12955443.601749457,4843050.689073158
12955443.601749457,4843050.689073158
12955443.601749457,4843050.689073158
12955443.601749457,4843050.689073158
12955443.601749457,4843050.689073158
12955443.601749457,4843050.689073158
12955443.601749457,4843050.689073158
12955443.601749457,4843050.689073158
12955443.601749457,4843050.689073158
12955443.601749457,4843050.689073158
12955443.601749457,4843050.689073158
12955443.601749457,4843050.689073158
12955443.601749457,4843050.689073158
12955443.601749457,4843050.689073158
12955443.601749457,4843050.689073158
12955443.601749457,4843050.689073158
12955443.601749457,4843050.689073158
12955443.601749457,4843050.689073158
12955443.601749457,4843050.689073158
12955443.601749457,4843050.689073158
12955443.601749457,4843050.689073158
12955443.601749457,4843050.689073158
12955443.601749457,4843050.689073158
12955443.601749457,4843050.689073158
12955443.601749457,4843050.689073158
12955443.601749457,4843050.689073158
12955443.601749457,4843050.689073158
12955443.601749457,4843050.689073158
12955443.601749457,4843050.689073158
12955443.601749457,4843050.689073158
12955443.601749457,4843050.689073158
12955443.601749457,4843050.689073158
12955443.601749457,4843050.689073158
12955443.601749457,4843050.689073158
12955443.601749457,4843050.689073158
12955443.601749457,4843050.689073158
12955443.601749457,4843050.689073158
12955443.601749457,4843050.689073158
12955443.601749457,4843050.689073158
12955443.601749457,4843050.689073158
12955443.601749457,4843050.689073158
12955443.601749457,4843050.689073158
12955443.601749457,4843050.689073158
12955443.601749457,4843050.689073158
12955443.601749457,4843050.689073158
12955443.601749457,4843050.689073158
12955443.601749457,4843050.689073158
12955443.601749457,4843050.689073158
12955443.601749457,4843050.689073158
12955443.601749457,4843050.689073158
12955443.601749457,4843050.689073158
12955443.601749457,4843050.689073158
12955443.601749457,4843050.689073158
12955443.601749457,4843050.689073158
12955443.601749457,4843050.689073158
12955443.601749457,4843050.689073158
12955443.601749457,4843050.689073158
12955443.601749457,4843050.689073158
12955443.601749457,4843050.689073158
12955443.601749457,4843050.689073158
12955443.601749457,4843050.689073158
12955443.601749457,4843050.689073158
12955443.601749457,4843050.689073158
12955443.601749457,4843050.689073158
12955443.601749457,4843050.689073158
12955443.601749457,4843050.689073158
12955443.601749457,4843050.689073158
12955443.601749457,4843050.689073158
12955443.601749457,4843050.689073158
12955443.601749457,4843050.689073158
12955443.601749457,4843050.689073158
12955443.601749457,4843050.689073158
12955443.601749457,4843050.689073158
12955443.601749457,4843050.689073158
12955443.601749457,4843050.689073158
12955443.601749457,4843050.689073158
12955443.601749457,4843050.689073158
12955443.601749457,4843050.689073158
12955443.601749457,4843050.689073158
12955443.601749457,4843050.689073158
12955443.601749457,4843050.689073158
12955443.601749457,4843050.689073158
12955443.601749457,4843050.689073158
12955443.601749457,4843050.689073158
12955443.601749457,4843050.689073158
12955443.601749457,4843050.689073158
12955443.601749457,4843050.689073158
12955443.601749457,4843050.689073158
12955443.601749457,4843050.689073158
12955443.601749457,4843050.689073158
12955443.601749457,4843050.689073158
12955443.601749457,4843050.689073158
12955443.601749457,4843050.689073158
12955443.601749457,4843050.689073158
12955443.601749457,4843050.689073158
12955443.601749457,4843050.689073158
12955443.601749457,4843050.689073158
12955443.601749457,4843050.689073158
12955443.601749457,4843050.689073158
12955443.601749457,4843050.689073158
12955443.601749457,4843050.689073158
12955443.601749457,4843050.689073158
12955443.601749457,4843050.689073158
12955443.601749457,4843050.689073158
12955443.601749457,4843050.689073158
12955443.601749457,4843050.689073158
12955443.601749457,4843050.689073158
12955443.601749457,4843050.689073158
12955443.601749457,4843050.689073158
12955443.601749457,4843050.689073158
12955443.601749457,4843050.689073158
12955443.601749457,4843050.689073158
12955443.601749457,4843050.689073158
12955443.601749457,4843050.689073158
12955443.601749457,4843050.689073158
12955443.601749457,4843050.689073158
12955443.601749457,4843050.689073158
12955443.601749457,4843050.689073158
12955443.601749457,4843050.689073158
12955443.601749457,4843050.689073158
12955443.601749457,4843050.689073158
12955443.601749457,4843050.689073158
12955443.601749457,4843050.689073158
12955443.601749457,4843050.689073158
12955443.601749457,4843050.689073158
12955443.601749457,4843050.689073158
12955443.601749457,4843050.689073158
12955443.601749457,4843050.689073158
12955443.601749457,4843050.689073158
12955443.601749457,4843050.689073158
12955443.601749457,4843050.689073158
12955443.601749457,4843050.689073158
12955443.601749457,4843050.689073158
12955443.601749457,4843050.689073158
12955443.601749457,4843050.689073158
12955443.601749457,4843050.689073158
12955443.601749457,4843050.689073158
12955443.601749457,4843050.689073158
12955443.601749457,4843050.689073158
12955443.601749457,4843050.689073158
12955443.601749457,4843050.689073158
12955443.601749457,4843050.689073158
12955443.601749457,4843050.689073158
12955443.601749457,4843050.689073158
12955443.601749457,4843050.689073158
12955443.601749457,4843050.689073158
12955443.601749457,4843050.689073158
12955443.601749457,4843050.689073158
12955443.601749457,4843050.689073158
12955443.601749457,4843050.689073158
12955443.601749457,4843050.689073158
12955443.601749457,4843050.689073158
12955443.601749457,4843050.689073158
12955443.601749457,4843050.689073158
12955443.601749457,4843050.689073158
12955443.601749457,4843050.689073158
12955443.601749457,4843050.689073158
12955443.601749457,4843050.689073158
12955443.601749457,4843050.689073158
12955443.601749457,4843050.689073158
12955443.601749457,4843050.689073158
12955443.601749457,4843050.689073158
12955443.601749457,4843050.689073158
12955443.601749457,4843050.689073158
12955443.601749457,4843050.689073158
12955443.601749457,4843050.689073158
12955443.601749457,4843050.689073158
12955443.601749457,4843050.689073158
12955443.601749457,4843050.689073158
12955443.601749457,4843050.689073158
12955443.601749457,4843050.689073158
12955443.601749457,4843050.689073158
12955443.601749457,4843050.689073158
12955443.601749457,4843050.689073158
12955443.601749457,4843050.689073158
12955443.601749457,4843050.689073158
12955443.601749457,4843050.689073158
12955443.601749457,4843050.689073158
12955443.601749457,4843050.689073158
12955443.601749457,4843050.689073158
12955443.601749457,4843050.689073158
12955443.601749457,4843050.689073158
12955443.601749457,4843050.689073158
12955443.601749457,4843050.689073158
12955443.601749457,4843050.689073158
12955443.601749457,4843050.689073158
12955443.601749457,4843050.689073158
12955443.601749457,4843050.689073158
12955443.601749457,4843050.689073158
12955443.601749457,4843050.689073158
12955443.601749457,4843050.689073158
12955443.601749457,4843050.689073158
12955443.601749457,4843050.689073158
12955443.601749457,4843050.689073158
12955443.601749457,4843050.689073158
12955443.601749457,4843050.689073158
12955443.601749457,4843050.689073158
12955443.601749457,4843050.689073158
12955443.601749457,4843050.689073158
12955443.601749457,4843050.689073158
12955443.601749457,4843050.689073158
12955443.601749457,4843050.689073158
12955443.601749457,4843050.689073158
12955443.601749457,4843050.689073158
12955443.601749457,4843050.689073158
12955443.601749457,4843050.689073158
12955443.601749457,4843050.689073158
12955443.601749457,4843050.689073158
12955443.601749457,4843050.689073158
12955443.601749457,4843050.689073158
12955443.601749457,4843050.689073158
12955443.601749457,4843050.689073158
12955443.601749457,4843050.689073158
12955443.601749457,4843050.689073158
12955443.601749457,4843050.689073158
12955443.601749457,4843050.689073158
12955443.601749457,4843050.689073158
12955443.601749457,4843050.689073158
12955443.601749457,4843050.689073158
12955443.601749457,4843050.689073158
12955443.601749457,4843050.689073158
12955443.601749457,4843050.689073158
12955443.601749457,4843050.689073158
12955443.601749457,4843050.689073158
12955443.601749457,4843050.689073158
12955443.601749457,4843050.689073158
12955443.601749457,4843050.689073158
12955443.601749457,4843050.689073158
12955443.601749457,4843050.689073158
12955443.601749457,4843050.689073158
12955443.601749457,4843050.689073158
12955443.601749457,4843050.689073158
12955443.601749457,4843050.689073158
12955443.601749457,4843050.689073158
12955443.601749457,4843050.689073158
12955443.601749457,4843050.689073158
12955443.601749457,4843050.689073158
12955443.601749457,4843050.689073158
12955443.601749457,4843050.689073158
12955443.601749457,4843050.689073158
12955443.601749457,4843050.689073158
12955443.601749457,4843050.689073158
12955443.601749457,4843050.689073158
12955403.52673277,4842727.3823189465
12955399.073953139,4842702.73604641
12955396.847563323,4842704.185825461
12955397.960758232,4842686.788490815
12955404.639927682,4842694.037376555
12955400.18714805,4842749.1290806765
12955396.847563323,4842795.522331129
12955395.734368416,4842824.518222448
12955393.5079786,4842873.811431504
12955391.281588783,4842957.900410255
12955391.281588783,4842957.900410255
12955390.168393876,4842982.547314486
12955390.168393876,4842982.547314486
12955386.828809151,4843026.042000222
12955387.94200406,4843057.93822387
12955386.828809151,4843101.433238988
12955384.60241934,4843130.4300213065
12955383.489224428,4843175.375200816
12955383.489224428,4843201.47249494
12955387.94200406,4843229.019712958
12955399.073953139,4843313.111692111
12955402.413537862,4843340.659219059
12955405.753122587,4843389.954983853
12955407.979512405,4843427.651909879
12955411.319097126,4843484.197566575
12955416.885071665,4843529.144343335
12955421.337851297,4843591.490208372
12955423.564241115,4843627.7379838275
12955428.017020747,4843682.834855313
12955431.35660547,4843724.882672934
12955438.035774918,4843790.12963812
12955445.828139273,4843833.627852507
12955445.828139273,4843833.627852507
12955445.828139273,4843832.177908966
12955445.828139273,4843832.177908966
12955445.828139273,4843832.177908966
12955445.828139273,4843845.227408447
12955448.05452909,4843888.725863604
12955450.280918906,4843927.874635772
12955454.733698538,4844000.372768579
12955456.960088352,4844127.970764815
12955456.960088352,4844177.270428704
12955454.733698538,4844248.320373841
12955451.394113813,4844300.520656717
12955448.05452909,4844504.97440059
12955441.375359641,4844620.978392202
12955441.375359641,4844668.830432638
12955445.828139273,4844732.633511087
12955448.05452909,4844773.235683059
12955448.05452909,4844773.235683059
12955446.94133418,4844829.7889843285
12955449.167723997,4844857.340709053
12955448.05452909,4844903.743786248
12955448.05452909,4844937.096131616
12955463.6392578,4844974.798917487
12955497.035105037,4844977.699137703
12955554.921240252,4844977.699137703
12955596.109451843,4844976.249027491
12955659.561561598,4844976.249027491
12955659.561561598,4844976.249027491
12955704.089357914,4844974.798917487
12955704.089357914,4844974.798917487
12955774.220637115,4844974.798917487
12955822.088018155,4844974.798917487
12955897.785271894,4844977.699137703
12955943.42626312,4844977.699137703
12956010.217957595,4844980.599358762
12956049.179779373,4844983.4995806655
12956163.83885489,4844984.949691933
12956235.083328996,4844982.04946961
12956252.894447526,4844964.648153394
12956268.479176236,4844684.781163903
12956278.497930406,4844557.176029503
12956302.988218382,4844529.625135683
12956374.23269249,4844523.824957224
12956400.94937028,4844522.374913139
12956434.345217517,4844522.374913139
12956454.382725859,4844520.924869267
12956491.118157823,4844520.924869267
12956515.608445797,4844518.024782151
12956543.438318495,4844516.574738909
12956562.362631932,4844506.424442142
12956569.041801376,4844475.973613938
12956570.154996287,4844457.123147926
12956579.060555547,4844422.322381395
12956575.720970826,4844393.321835563
12956580.173750458,4844355.621252304
12956580.173750458,4844328.07091638
12956581.286945365,4844251.220382374
12956583.513335181,4844207.7203430915
12956582.400140274,4844181.620410773
12956615.795987511,4844162.770502215
12956652.53141947,4844162.770502215
12956702.625190327,4844162.770502215
12956733.794647751,4844164.220493912
12956823.963435294,4844164.220493912
12956894.094714493,4844168.570470277
12956908.566248296,4844098.971076585
12956911.905833019,4844045.3218760975
12956915.245417746,4844011.972518827
12956919.698197378,4843961.223711282
12956920.811392283,4843930.774550943
12956926.377366822,4843906.125298892
12956926.377366822,4843906.125298892
12956925.264171917,4843906.125298892
12956924.150977006,4843904.675344789
12956925.264171917,4843887.275912038
12956928.603756638,4843839.427628787
12956929.716951549,4843800.279204475
12956933.056536272,4843739.381961574
12956935.282926088,4843700.233930717
12956937.509315904,4843649.486712459
12956939.73570572,4843590.040300099
12956943.075290443,4843523.344747833
12956945.30168026,4843475.498213869
12956949.754459891,4843400.1041422
12956950.867654799,4843355.157948068
12956954.207239522,4843300.062890164
12956954.207239522,4843166.676117977
12956954.207239522,4843121.730977742
12956955.32043443,4843057.93822387
12956956.433629338,4843018.792872739
12956957.546824247,4842953.550962902
12956958.660019154,4842920.205262982
12956963.112798786,4842876.711039639
12956965.339188602,4842824.518222448
12956968.678773325,4842773.775468061
12956973.131552957,4842734.6312342435
12956978.697527496,4842691.137821625
12956979.810722405,4842654.893456253
12956979.810722405,4842591.103693665
12956980.923917312,4842553.409935158
12956986.489891851,4842491.070570807
12956992.05586639,4842456.276676705
12957003.18781547,4842396.837388913
12957005.414205287,4842351.895723974
12957009.866984919,4842286.658184217
12957013.206569642,4842221.421071918
12957014.319764553,4842164.882587014
12957052.168391421,4842159.083786202
12957044.376027066,4842238.817593404
12957041.03644234,4842269.261579143
12957039.923247434,4842308.403983308
12957043.262832155,4842347.546541356
12957046.602416879,4842389.588719556
12957047.71561179,4842472.223863076
12957039.923247434,4842489.62082279
12957041.03644234,4842489.62082279
12957039.923247434,4842488.171074987
12957041.03644234,4842489.62082279
12957039.923247434,4842512.816816363
12957038.810052523,4842549.060664513
12957036.583662707,4842585.304644605
12957041.03644234,4842615.749689852
12957048.828806695,4842618.649222823
12957048.828806695,4842618.649222823
12957068.866315039,4842621.548756645
12957068.866315039,4842621.548756645
12957095.58299283,4842620.098989627
12957106.714941908,4842621.548756645
12957127.865645159,4842612.850157722
12957152.355933135,4842622.99852387
12957150.12954332,4842621.548756645
12957150.12954332,4842621.548756645
12957150.12954332,4842621.548756645
12957150.12954332,4842621.548756645
12957150.12954332,4842621.548756645
12957150.12954332,4842621.548756645
12957150.12954332,4842621.548756645
12957150.12954332,4842621.548756645
12957150.12954332,4842621.548756645
12957150.12954332,4842621.548756645
12957150.12954332,4842621.548756645
12957150.12954332,4842621.548756645
12957150.12954332,4842621.548756645
12957150.12954332,4842621.548756645
12957150.12954332,4842621.548756645
12957150.12954332,4842621.548756645
12957150.12954332,4842621.548756645
12957150.12954332,4842621.548756645
12957150.12954332,4842622.99852387
12957150.12954332,4842622.99852387
12957150.12954332,4842622.99852387
12957150.12954332,4842622.99852387
12957150.12954332,4842622.99852387
12957150.12954332,4842622.99852387
12957150.12954332,4842622.99852387
12957150.12954332,4842622.99852387
12957150.12954332,4842622.99852387
12957150.12954332,4842622.99852387
12957150.12954332,4842622.99852387
12957150.12954332,4842622.99852387
12957150.12954332,4842622.99852387
12957150.12954332,4842622.99852387
12957150.12954332,4842622.99852387
12957150.12954332,4842622.99852387
12957150.12954332,4842622.99852387
12957150.12954332,4842622.99852387
12957150.12954332,4842622.99852387
12957150.12954332,4842622.99852387
12957150.12954332,4842622.99852387
12957150.12954332,4842622.99852387
12957150.12954332,4842622.99852387
12957150.12954332,4842622.99852387
12957150.12954332,4842622.99852387
12957150.12954332,4842622.99852387
12957150.12954332,4842622.99852387
12957150.12954332,4842622.99852387
12957150.12954332,4842624.448291305
12957150.12954332,4842624.448291305
12957150.12954332,4842624.448291305
12957151.242738225,4842624.448291305
12957151.242738225,4842624.448291305
12957151.242738225,4842624.448291305
12957151.242738225,4842624.448291305
12957151.242738225,4842624.448291305
12957151.242738225,4842624.448291305
12957151.242738225,4842624.448291305
12957151.242738225,4842624.448291305
12957151.242738225,4842624.448291305
12957151.242738225,4842624.448291305
12957151.242738225,4842624.448291305
12957151.242738225,4842624.448291305
12957151.242738225,4842624.448291305
12957151.242738225,4842624.448291305
12957151.242738225,4842624.448291305
12957151.242738225,4842624.448291305
12957151.242738225,4842624.448291305
12957151.242738225,4842624.448291305
12957151.242738225,4842625.898058955
12957151.242738225,4842625.898058955
12957151.242738225,4842625.898058955
12957151.242738225,4842625.898058955
12957152.355933135,4842625.898058955
12957152.355933135,4842625.898058955
12957152.355933135,4842625.898058955
12957152.355933135,4842625.898058955
12957152.355933135,4842625.898058955
12957152.355933135,4842625.898058955
12957152.355933135,4842625.898058955
12957152.355933135,4842627.347826816
12957152.355933135,4842627.347826816
12957152.355933135,4842627.347826816
12957152.355933135,4842627.347826816
12957152.355933135,4842627.347826816
12957152.355933135,4842627.347826816
12957152.355933135,4842627.347826816
12957152.355933135,4842627.347826816
12957152.355933135,4842627.347826816
12957152.355933135,4842627.347826816
12957152.355933135,4842627.347826816
12957152.355933135,4842627.347826816
12957152.355933135,4842627.347826816
12957152.355933135,4842627.347826816
12957153.46912804,4842627.347826816
12957153.46912804,4842627.347826816
12957153.46912804,4842627.347826816
12957153.46912804,4842627.347826816
12957153.46912804,4842627.347826816
12957153.46912804,4842627.347826816
12957153.46912804,4842628.797594885
12957153.46912804,4842628.797594885
12957153.46912804,4842628.797594885
12957153.46912804,4842628.797594885
12957153.46912804,4842628.797594885
12957153.46912804,4842628.797594885
12957153.46912804,4842628.797594885
12957153.46912804,4842628.797594885
12957153.46912804,4842628.797594885
12957153.46912804,4842628.797594885
12957153.46912804,4842628.797594885
12957153.46912804,4842628.797594885
12957153.46912804,4842628.797594885
12957153.46912804,4842628.797594885
12957153.46912804,4842628.797594885
12957153.46912804,4842628.797594885
12957153.46912804,4842628.797594885
12957153.46912804,4842628.797594885
12957153.46912804,4842628.797594885
12957153.46912804,4842628.797594885
12957153.46912804,4842628.797594885
12957153.46912804,4842628.797594885
12957153.46912804,4842628.797594885
12957153.46912804,4842628.797594885
12957153.46912804,4842628.797594885
12957153.46912804,4842628.797594885
12957154.582322951,4842630.247363164
12957154.582322951,4842630.247363164
12957154.582322951,4842630.247363164
12957154.582322951,4842630.247363164
12957154.582322951,4842630.247363164
12957154.582322951,4842630.247363164
12957154.582322951,4842630.247363164
12957154.582322951,4842630.247363164
12957154.582322951,4842630.247363164
12957154.582322951,4842630.247363164
12957154.582322951,4842630.247363164
12957154.582322951,4842630.247363164
12957154.582322951,4842630.247363164
12957154.582322951,4842630.247363164
12957154.582322951,4842630.247363164
12957154.582322951,4842630.247363164
12957154.582322951,4842630.247363164
12957154.582322951,4842630.247363164
12957154.582322951,4842630.247363164
12957154.582322951,4842630.247363164
12957154.582322951,4842630.247363164
12957154.582322951,4842630.247363164
12957154.582322951,4842630.247363164
12957154.582322951,4842630.247363164
12957154.582322951,4842630.247363164
12957154.582322951,4842630.247363164
12957154.582322951,4842630.247363164
12957154.582322951,4842630.247363164
12957154.582322951,4842630.247363164
12957154.582322951,4842630.247363164
12957154.582322951,4842630.247363164
12957154.582322951,4842630.247363164
12957154.582322951,4842630.247363164
12957154.582322951,4842630.247363164
12957154.582322951,4842630.247363164
12957154.582322951,4842630.247363164
12957154.582322951,4842630.247363164
12957154.582322951,4842630.247363164
12957154.582322951,4842630.247363164
12957154.582322951,4842630.247363164
12957154.582322951,4842630.247363164
12957154.582322951,4842630.247363164
12957154.582322951,4842630.247363164
12957154.582322951,4842630.247363164
12957154.582322951,4842630.247363164
12957154.582322951,4842630.247363164
12957154.582322951,4842630.247363164
12957154.582322951,4842630.247363164
12957154.582322951,4842630.247363164
12957154.582322951,4842630.247363164
12957154.582322951,4842630.247363164
12957154.582322951,4842630.247363164
12957154.582322951,4842630.247363164
12957154.582322951,4842630.247363164
12957154.582322951,4842630.247363164
12957154.582322951,4842630.247363164
12957154.582322951,4842630.247363164
12957154.582322951,4842630.247363164
12957154.582322951,4842630.247363164
12957154.582322951,4842630.247363164
12957154.582322951,4842630.247363164
12957154.582322951,4842630.247363164
12957154.582322951,4842630.247363164
12957154.582322951,4842630.247363164
12957154.582322951,4842631.697131655
12957154.582322951,4842631.697131655
12957154.582322951,4842631.697131655
12957154.582322951,4842631.697131655
12957154.582322951,4842631.697131655
12957154.582322951,4842631.697131655
12957154.582322951,4842631.697131655
12957154.582322951,4842631.697131655
12957154.582322951,4842631.697131655
12957154.582322951,4842631.697131655
12957154.582322951,4842631.697131655
12957154.582322951,4842631.697131655
12957154.582322951,4842631.697131655
12957154.582322951,4842631.697131655
12957154.582322951,4842631.697131655
12957154.582322951,4842631.697131655
12957154.582322951,4842631.697131655
12957154.582322951,4842631.697131655
12957154.582322951,4842631.697131655
12957154.582322951,4842631.697131655
12957155.695517857,4842631.697131655
12957155.695517857,4842631.697131655
12957155.695517857,4842631.697131655
12957155.695517857,4842631.697131655
12957155.695517857,4842631.697131655
12957155.695517857,4842631.697131655
12957155.695517857,4842631.697131655
12957155.695517857,4842631.697131655
12957155.695517857,4842631.697131655
12957155.695517857,4842631.697131655
12957155.695517857,4842631.697131655
12957155.695517857,4842631.697131655
12957155.695517857,4842631.697131655
12957155.695517857,4842631.697131655
12957155.695517857,4842631.697131655
12957155.695517857,4842631.697131655
12957155.695517857,4842631.697131655
12957155.695517857,4842631.697131655
12957155.695517857,4842631.697131655
12957155.695517857,4842631.697131655
12957155.695517857,4842631.697131655
12957155.695517857,4842631.697131655
12957155.695517857,4842631.697131655
12957155.695517857,4842631.697131655
12957155.695517857,4842631.697131655
12957155.695517857,4842631.697131655
12957154.582322951,4842631.697131655
12957154.582322951,4842633.146900361
12957154.582322951,4842633.146900361
12957154.582322951,4842633.146900361
12957154.582322951,4842633.146900361
12957154.582322951,4842633.146900361
12957154.582322951,4842633.146900361
12957154.582322951,4842633.146900361
12957154.582322951,4842633.146900361
12957154.582322951,4842633.146900361
12957154.582322951,4842633.146900361
12957154.582322951,4842633.146900361
12957154.582322951,4842633.146900361
12957154.582322951,4842633.146900361
12957154.582322951,4842633.146900361
12957154.582322951,4842633.146900361
12957154.582322951,4842633.146900361
12957154.582322951,4842633.146900361
12957154.582322951,4842633.146900361
12957154.582322951,4842633.146900361
12957154.582322951,4842633.146900361
12957154.582322951,4842633.146900361
12957154.582322951,4842633.146900361
12957154.582322951,4842633.146900361
12957154.582322951,4842633.146900361
12957154.582322951,4842633.146900361
12957154.582322951,4842633.146900361
12957154.582322951,4842633.146900361
12957154.582322951,4842633.146900361
12957154.582322951,4842633.146900361
12957154.582322951,4842633.146900361
12957154.582322951,4842633.146900361
12957154.582322951,4842633.146900361
12957154.582322951,4842633.146900361
12957154.582322951,4842633.146900361
12957154.582322951,4842633.146900361
12957154.582322951,4842633.146900361
12957154.582322951,4842633.146900361
12957154.582322951,4842633.146900361
12957154.582322951,4842633.146900361
12957154.582322951,4842633.146900361
12957154.582322951,4842633.146900361
12957154.582322951,4842633.146900361
12957154.582322951,4842633.146900361
12957154.582322951,4842633.146900361
12957154.582322951,4842633.146900361
12957154.582322951,4842633.146900361
12957154.582322951,4842633.146900361
12957154.582322951,4842633.146900361
12957154.582322951,4842633.146900361
12957154.582322951,4842633.146900361
12957154.582322951,4842633.146900361
12957154.582322951,4842633.146900361
12957154.582322951,4842633.146900361
12957154.582322951,4842633.146900361
12957154.582322951,4842633.146900361
12957154.582322951,4842633.146900361
12957154.582322951,4842633.146900361
12957154.582322951,4842633.146900361
12957154.582322951,4842634.596669278
12957154.582322951,4842634.596669278
12957154.582322951,4842634.596669278
12957154.582322951,4842634.596669278
12957154.582322951,4842634.596669278
12957154.582322951,4842634.596669278
12957154.582322951,4842634.596669278
12957154.582322951,4842634.596669278
12957154.582322951,4842634.596669278
12957154.582322951,4842634.596669278
12957154.582322951,4842634.596669278
12957154.582322951,4842634.596669278
12957154.582322951,4842634.596669278
12957154.582322951,4842634.596669278
12957154.582322951,4842634.596669278
12957154.582322951,4842634.596669278
12957154.582322951,4842634.596669278
12957154.582322951,4842634.596669278
12957154.582322951,4842634.596669278
12957154.582322951,4842634.596669278
12957154.582322951,4842634.596669278
12957154.582322951,4842634.596669278
12957154.582322951,4842634.596669278
12957154.582322951,4842634.596669278
12957154.582322951,4842634.596669278
12957154.582322951,4842634.596669278
12957154.582322951,4842634.596669278
12957154.582322951,4842634.596669278
12957154.582322951,4842634.596669278
12957154.582322951,4842634.596669278
12957154.582322951,4842634.596669278
12957154.582322951,4842634.596669278
12957154.582322951,4842634.596669278
12957154.582322951,4842634.596669278
12957154.582322951,4842634.596669278
12957154.582322951,4842634.596669278
12957154.582322951,4842634.596669278
12957154.582322951,4842634.596669278
12957154.582322951,4842634.596669278
12957154.582322951,4842634.596669278
12957154.582322951,4842634.596669278
12957154.582322951,4842634.596669278
12957154.582322951,4842634.596669278
12957154.582322951,4842634.596669278
12957154.582322951,4842634.596669278
12957154.582322951,4842634.596669278
12957154.582322951,4842634.596669278
12957154.582322951,4842634.596669278
12957154.582322951,4842634.596669278
12957154.582322951,4842634.596669278
12957154.582322951,4842634.596669278
12957154.582322951,4842634.596669278
12957154.582322951,4842634.596669278
12957154.582322951,4842634.596669278
12957154.582322951,4842634.596669278
12957154.582322951,4842634.596669278
12957154.582322951,4842634.596669278
12957154.582322951,4842634.596669278
12957154.582322951,4842634.596669278
12957154.582322951,4842634.596669278
12957154.582322951,4842634.596669278
12957154.582322951,4842634.596669278
12957154.582322951,4842634.596669278
12957155.695517857,4842634.596669278
12957155.695517857,4842634.596669278
12957155.695517857,4842636.046438402
12957155.695517857,4842636.046438402
12957155.695517857,4842636.046438402
12957155.695517857,4842636.046438402
12957155.695517857,4842636.046438402
12957155.695517857,4842636.046438402
12957155.695517857,4842636.046438402
12957155.695517857,4842636.046438402
12957155.695517857,4842636.046438402
12957155.695517857,4842636.046438402
12957155.695517857,4842636.046438402
12957155.695517857,4842636.046438402
12957155.695517857,4842636.046438402
12957155.695517857,4842636.046438402
12957155.695517857,4842636.046438402
12957155.695517857,4842636.046438402
12957155.695517857,4842636.046438402
12957155.695517857,4842636.046438402
12957155.695517857,4842636.046438402
12957155.695517857,4842636.046438402
12957155.695517857,4842636.046438402
12957155.695517857,4842636.046438402
12957155.695517857,4842636.046438402
12957155.695517857,4842636.046438402
12957155.695517857,4842636.046438402
12957155.695517857,4842636.046438402
12957155.695517857,4842636.046438402
12957155.695517857,4842636.046438402
12957155.695517857,4842636.046438402
12957155.695517857,4842636.046438402
12957155.695517857,4842636.046438402
12957155.695517857,4842636.046438402
12957155.695517857,4842636.046438402
12957155.695517857,4842636.046438402
12957155.695517857,4842636.046438402
12957155.695517857,4842636.046438402
12957155.695517857,4842636.046438402
12957155.695517857,4842636.046438402
12957155.695517857,4842636.046438402
12957155.695517857,4842636.046438402
12957155.695517857,4842636.046438402
12957155.695517857,4842636.046438402
12957156.808712764,4842636.046438402
12957156.808712764,4842636.046438402
12957156.808712764,4842636.046438402
12957156.808712764,4842636.046438402
12957156.808712764,4842636.046438402
12957156.808712764,4842636.046438402
12957156.808712764,4842636.046438402
12957156.808712764,4842636.046438402
12957156.808712764,4842636.046438402
12957156.808712764,4842636.046438402
12957156.808712764,4842636.046438402
12957156.808712764,4842636.046438402
12957156.808712764,4842636.046438402
12957156.808712764,4842636.046438402
12957156.808712764,4842636.046438402
12957156.808712764,4842636.046438402
12957156.808712764,4842636.046438402
12957156.808712764,4842636.046438402
12957156.808712764,4842636.046438402
12957156.808712764,4842636.046438402
12957156.808712764,4842636.046438402
12957156.808712764,4842636.046438402
12957156.808712764,4842636.046438402
12957156.808712764,4842636.046438402
12957156.808712764,4842636.046438402
12957156.808712764,4842636.046438402
12957156.808712764,4842636.046438402
12957156.808712764,4842636.046438402
12957156.808712764,4842636.046438402
12957156.808712764,4842636.046438402
12957156.808712764,4842636.046438402
12957156.808712764,4842636.046438402
12957156.808712764,4842636.046438402
12957156.808712764,4842636.046438402
12957156.808712764,4842637.496207737
12957156.808712764,4842637.496207737
12957156.808712764,4842637.496207737
12957156.808712764,4842637.496207737
12957156.808712764,4842637.496207737
12957156.808712764,4842637.496207737
12957156.808712764,4842637.496207737
12957156.808712764,4842637.496207737
12957156.808712764,4842637.496207737
12957156.808712764,4842637.496207737
12957156.808712764,4842637.496207737
12957156.808712764,4842637.496207737
12957156.808712764,4842637.496207737
12957156.808712764,4842637.496207737
12957156.808712764,4842637.496207737
12957156.808712764,4842637.496207737
12957156.808712764,4842637.496207737
12957156.808712764,4842637.496207737
12957156.808712764,4842637.496207737
12957156.808712764,4842637.496207737
12957156.808712764,4842637.496207737
12957156.808712764,4842637.496207737
12957156.808712764,4842637.496207737
12957156.808712764,4842637.496207737
12957156.808712764,4842637.496207737
12957156.808712764,4842637.496207737
12957156.808712764,4842637.496207737
12957156.808712764,4842637.496207737
12957156.808712764,4842637.496207737
12957156.808712764,4842637.496207737
12957156.808712764,4842637.496207737
12957156.808712764,4842637.496207737
12957156.808712764,4842637.496207737
12957156.808712764,4842637.496207737
12957156.808712764,4842637.496207737
12957156.808712764,4842637.496207737
12957156.808712764,4842637.496207737
12957156.808712764,4842637.496207737
12957156.808712764,4842637.496207737
12957156.808712764,4842637.496207737
12957156.808712764,4842637.496207737
12957156.808712764,4842637.496207737
12957156.808712764,4842637.496207737
12957156.808712764,4842637.496207737
12957156.808712764,4842637.496207737
12957156.808712764,4842637.496207737
12957156.808712764,4842637.496207737
12957156.808712764,4842637.496207737
12957156.808712764,4842637.496207737
12957156.808712764,4842637.496207737
12957156.808712764,4842637.496207737
12957156.808712764,4842637.496207737
12957156.808712764,4842637.496207737
12957156.808712764,4842637.496207737
12957156.808712764,4842637.496207737
12957156.808712764,4842637.496207737
12957156.808712764,4842637.496207737
12957156.808712764,4842637.496207737
12957156.808712764,4842637.496207737
12957156.808712764,4842637.496207737
12957156.808712764,4842637.496207737
12957156.808712764,4842637.496207737
12957156.808712764,4842637.496207737
12957156.808712764,4842637.496207737
12957155.695517857,4842637.496207737
12957155.695517857,4842637.496207737
12957155.695517857,4842637.496207737
12957155.695517857,4842637.496207737
12957155.695517857,4842637.496207737
12957155.695517857,4842637.496207737
12957155.695517857,4842637.496207737
12957155.695517857,4842637.496207737
12957155.695517857,4842637.496207737
12957155.695517857,4842637.496207737
12957155.695517857,4842637.496207737
12957155.695517857,4842637.496207737
12957155.695517857,4842637.496207737
12957155.695517857,4842637.496207737
12957155.695517857,4842637.496207737
12957155.695517857,4842637.496207737
12957155.695517857,4842637.496207737
12957155.695517857,4842637.496207737
12957155.695517857,4842637.496207737
12957155.695517857,4842637.496207737
12957155.695517857,4842637.496207737
12957155.695517857,4842637.496207737
12957155.695517857,4842637.496207737
12957155.695517857,4842637.496207737
12957155.695517857,4842637.496207737
12957155.695517857,4842637.496207737
12957155.695517857,4842637.496207737
12957155.695517857,4842637.496207737
12957155.695517857,4842637.496207737
12957155.695517857,4842637.496207737
12957155.695517857,4842637.496207737
12957155.695517857,4842637.496207737
12957155.695517857,4842637.496207737
12957155.695517857,4842637.496207737
12957155.695517857,4842637.496207737
12957155.695517857,4842637.496207737
12957155.695517857,4842637.496207737
12957155.695517857,4842637.496207737
12957155.695517857,4842637.496207737
12957155.695517857,4842637.496207737
12957155.695517857,4842637.496207737
12957155.695517857,4842637.496207737
12957155.695517857,4842637.496207737
12957155.695517857,4842637.496207737
12957155.695517857,4842637.496207737
12957155.695517857,4842637.496207737
12957155.695517857,4842637.496207737
12957155.695517857,4842637.496207737
12957155.695517857,4842637.496207737
12957155.695517857,4842637.496207737
12957155.695517857,4842637.496207737
12957155.695517857,4842637.496207737
12957155.695517857,4842637.496207737
12957155.695517857,4842637.496207737
12957155.695517857,4842637.496207737
12957155.695517857,4842637.496207737
12957155.695517857,4842637.496207737
12957155.695517857,4842637.496207737
12957155.695517857,4842637.496207737
12957155.695517857,4842637.496207737
12957155.695517857,4842637.496207737
12957155.695517857,4842637.496207737
12957156.808712764,4842638.945977287
12957157.921907675,4842653.443684382
12957155.695517857,4842654.893456253
12957160.14829749,4842656.343228332
12957160.14829749,4842656.343228332
12957157.921907675,4842653.443684382
12957157.921907675,4842647.644599012
12957162.374687307,4842621.548756645
12957157.921907675,4842608.500861112
12957133.431619698,4842608.500861112
12957111.16772154,4842608.500861112
12957085.564238658,4842605.60133109
12957061.073950684,4842605.60133109
12957041.03644234,4842611.400391972
12957036.583662707,4842647.644599012
12957033.244077984,4842701.286267574
12957029.904493263,4842769.426101148
12957025.451713629,4842847.714996307
12957022.112128904,4842927.454318683
12957017.659349274,4843010.093926722
12957013.206569642,4843091.284385128
12957010.980179826,4843172.475505693
12957008.75379001,4843249.317711857
12957007.640595103,4843326.160511161
12957006.527400194,4843397.204381616
12957005.414205287,4843485.647459432
12957004.30101038,4843543.643346868
12957002.074620562,4843614.688769459
12956998.735035839,4843687.184621312
12956997.621840931,4843758.231068373
12956994.282256208,4843810.42878118
12956994.282256208,4843822.028310087
12956993.1690613,4843824.928194426
12956994.282256208,4843855.377030982
12956992.05586639,4843906.125298892
12956989.829476576,4843962.67367362
12956986.489891851,4844023.572282596
12956984.263502037,4844085.921244447
12956984.263502037,4844085.921244447
12956982.03711222,4844155.520546891
12956982.03711222,4844155.520546891
12956977.584332589,4844278.770505586
12956976.47113768,4844338.221031272
12956974.244747864,4844400.571964099
12956972.018358048,4844465.823358573
12956969.791968234,4844528.175090751
12956970.905163141,4844580.376841346
12957005.414205287,4844596.32743086
12957048.828806695,4844594.877376209
12957090.01701829,4844591.97726755
12957124.526060436,4844578.926789022
12957145.676763685,4844532.525226179
12957167.940661846,4844480.323726551
12957189.091365097,4844423.772410903
12957209.12887344,4844373.021503754
12957219.14762761,4844344.021101571
12957219.14762761,4844344.021101571
12957211.355263254,4844338.221031272
12957210.242068347,4844338.221031272
12957211.355263254,4844339.671048528
12957210.242068347,4844339.671048528
12957208.01567853,4844341.121065995
12957208.01567853,4844341.121065995
12957208.01567853,4844341.121065995
12957209.12887344,4844342.571083677
12957208.01567853,4844342.571083677
12957210.242068347,4844344.021101571
12957202.449703991,4844378.821594331
12957186.864975277,4844423.772410903
12957169.053856755,4844475.973613938
12957145.676763685,4844539.775456113
12957120.073280804,4844597.777485722
12957082.224653935,4844612.278045936
12957043.262832155,4844610.8279889645
12957007.640595103,4844610.8279889645
12956974.244747864,4844609.377932202
12956960.88640897,4844713.782558975
12956960.88640897,4844786.286416366
12956964.225993693,4844857.340709053
12956951.980849704,4844992.20025145
12956948.641264983,4845057.455524777
12956950.867654799,4845115.460571373
12956988.716281667,4845128.511753447
12957031.017688168,4845086.458005818
12957051.05519651,4845042.954315949
12957018.772544181,4845025.55289325
12956972.018358048,4845027.003010648
12956916.358612655,4845027.003010648
12956852.9065029,4845022.652659091
12956777.20924916,4845019.75242578
12956722.66269867,4845019.75242578
12956662.550173642,4845018.302309438
12956590.19250463,4845016.852193307
12956514.495250888,4845015.402077393
12956439.911192056,4845015.402077393
12956377.572277214,4845013.951961688
12956377.572277214,4845013.951961688
12956341.950040158,4845013.951961688
12956310.780582737,4845012.501846191
12956275.158345683,4845012.501846191
12956240.649303535,4845012.501846191
12956206.140261391,4845013.951961688
12956196.12150722,4845024.102776063
12956196.12150722,4845024.102776063
12956196.12150722,4845024.102776063
12956196.12150722,4845024.102776063
12956196.12150722,4845024.102776063
12956196.12150722,4845024.102776063
12956196.12150722,4845024.102776063
12956196.12150722,4845024.102776063
12956196.12150722,4845024.102776063
12956196.12150722,4845024.102776063
12956196.12150722,4845024.102776063
12956191.668727588,4845021.20254233
12956163.83885489,4845021.20254233
12956131.55620256,4845019.75242578
12956095.933965504,4845019.75242578
12956056.972143728,4845024.102776063
12955954.558212198,4845029.903246071
12955876.634568645,4845025.55289325
12955828.767187603,4845022.652659091
12955777.560221838,4845022.652659091
12955726.353256071,4845021.20254233
12955628.392104173,4845019.75242578
12955582.75111295,4845018.302309438
12955540.449706448,4845018.302309438
12955517.072613379,4845018.302309438
12955513.733028656,4845018.302309438
12955512.619833749,4845016.852193307
12955513.733028656,4845016.852193307
12955513.733028656,4845016.852193307
12955513.733028656,4845016.852193307
12955513.733028656,4845016.852193307
12955513.733028656,4845016.852193307
12955513.733028656,4845016.852193307
12955513.733028656,4845016.852193307
12955513.733028656,4845016.852193307
12955513.733028656,4845016.852193307
12955513.733028656,4845016.852193307
12955513.733028656,4845016.852193307
12955513.733028656,4845016.852193307
12955513.733028656,4845016.852193307
12955513.733028656,4845016.852193307
12955513.733028656,4845016.852193307
12955513.733028656,4845016.852193307
12955513.733028656,4845016.852193307
12955513.733028656,4845016.852193307
12955489.242740683,4845016.852193307
12955464.752452709,4845016.852193307
12955464.752452709,4845016.852193307
12955452.507308722,4845015.402077393
12955452.507308722,4845015.402077393
12955445.828139273,4845013.951961688
12955443.601749457,4845012.501846191
12955443.601749457,4845012.501846191
12955442.48855455,4845012.501846191
12955442.48855455,4845012.501846191
12955442.48855455,4845012.501846191
12955433.582995286,4844999.450816247
12955428.017020747,4844968.998479598
12955429.130215652,4844919.694893998
12955432.46980038,4844866.0412695445
12955434.696190195,4844819.63836813
12955435.809385102,4844777.585925595
12955435.809385102,4844726.833214327
12955434.696190195,4844703.632061087
12955434.696190195,4844618.078275938
12955435.809385102,4844568.776428666
12955436.922580007,4844467.273394423
12955438.035774918,4844413.622208772
12955439.148969825,4844361.421332742
12955440.262164734,4844312.1207567565
12955441.375359641,4844265.720437715
12955442.48855455,4844242.5203593075
12955442.48855455,4844220.770334917
12955442.48855455,4844190.320380606
12955443.601749457,4844184.520399869
12955443.601749457,4844184.520399869
12955443.601749457,4844184.520399869
12955443.601749457,4844184.520399869
12955450.280918906,4844187.420389814
12955451.394113813,4844207.7203430915
12955451.394113813,4844207.7203430915
12955451.394113813,4844230.920340386
12955458.07328326,4844246.8703698935
12955461.412867984,4844257.020401977
12955464.752452709,4844258.470407404
12955470.318427248,4844258.470407404
12955471.431622155,4844258.470407404
12955470.318427248,4844258.470407404
12955470.318427248,4844258.470407404
12955469.205232339,4844257.020401977
12955469.205232339,4844255.570396758
12955469.205232339,4844254.120391753
12955469.205232339,4844255.570396758
12955468.092037432,4844255.570396758
12955471.431622155,4844248.320373841
12955472.544817064,4844249.770378
12955476.997596694,4844278.770505586
12955474.77120688,4844301.970668479
12955468.092037432,4844328.07091638
12955463.6392578,4844373.021503754
12955465.865647616,4844409.272125314
12955465.865647616,4844409.272125314
12955466.978842523,4844448.422944888
12955466.978842523,4844448.422944888
12955465.865647616,4844493.374075791
12955465.865647616,4844493.374075791
12955466.978842523,4844532.525226179
12955465.865647616,4844562.976227395
12955460.299673077,4844610.8279889645
12955460.299673077,4844632.578865727
12955463.6392578,4844648.529538901
12955465.865647616,4844664.480237636
12955474.77120688,4844668.830432638
12955463.6392578,4844725.3831406655
12955433.582995286,4844802.237335874
12955448.05452909,4844784.836334044
12955448.05452909,4844786.286416366
12955448.05452909,4844786.286416366
12955449.167723997,4844786.286416366
12955445.828139273,4844787.736498903
12955444.714944366,4844813.838020664
12955443.601749457,4844890.692898919
12955443.601749457,4844897.943389765
12955443.601749457,4844897.943389765
12955443.601749457,4844899.393488567
12955443.601749457,4844899.393488567
12955449.167723997,4844916.79469069
12955464.752452709,4844929.845612247
12955464.752452709,4844929.845612247
12955502.601079578,4844935.646027317
12955558.260824975,4844951.597186202
12955620.599739818,4844960.297829097
12955704.089357914,4844964.648153394
12955793.144950548,4844966.09826192
12955879.974153368,4844966.09826192
12955957.897796921,4844976.249027491
12956035.821440477,4844989.30002701
12956122.650643295,4844987.849915105
12956228.404159551,4844986.399803416
12956344.176429976,4844990.750139123
12956456.609115675,4844993.6503639845
12956571.268191192,4844992.20025145
12956694.832825975,4844990.750139123
12956821.737045476,4844989.30002701
12956948.641264983,4844987.849915105
12957196.883729452,4844983.4995806655
12957310.42961006,4844983.4995806655
12957419.522711039,4844983.4995806655
12957531.95539674,4844982.04946961
12957649.95405698,4844980.599358762
12957767.952717222,4844979.149248129
12957880.38540292,4844982.04946961
12957998.384063164,4844979.149248129
12958120.835503036,4844982.04946961
12958247.739722539,4844983.4995806655
12958379.096721675,4844979.149248129
12958509.340525905,4844977.699137703
12958639.584330132,4844979.149248129
12958768.714939455,4844984.949691933
12958895.619158955,4844989.30002701
12959024.749768278,4844993.6503639845
12959024.749768278,4844993.6503639845
12959153.880377598,4845005.251271887
12959153.880377598,4845005.251271887
12959279.671402194,4845028.453128254
12959405.462426791,4845057.455524777
12959533.479841202,4845086.458005818
12959662.610450521,4845115.460571373
12959795.080644567,4845141.562952636
12959930.890423333,4845154.61416894
12960052.2286683,4845177.816373517
12960455.20522497,4845215.520071327
12960588.788613923,4845227.121237849
12960842.597052934,4845248.873461533
12960969.501272434,4845256.124213326
12961098.631881755,4845266.27527471
12961226.649296166,4845266.27527471
12961832.227326084,4845251.773761613
12962032.60240951,4845256.124213326
12962136.12953595,4845269.1755798645
12962248.56222165,4845293.828207806
12962475.653982868,4845375.037296458
12962584.747083845,4845433.044194079
12962681.595040835,4845505.55329157
12962768.424243655,4845580.963313389
12962838.555522854,4845654.923697534
12962912.026386777,4845733.235291642
12962988.836835425,4845815.898198441
12963070.100063704,4845897.111547505
12963142.45773272,4845969.6240263935
12963284.946680935,4846120.451675038
12963363.9835194,4846200.217221116
12963443.02035786,4846281.4337068
12963518.717611602,4846359.750231511
12963591.075280616,4846436.617049588
12963648.96141583,4846525.087141248
12963691.262822332,4846623.710465705
12963712.413525581,4846726.685862354
12963716.866305213,4846935.540643752
12963720.205889937,4847037.068857174
12963725.771864476,4847766.652062701
12963727.998254294,4847891.397290802
12963731.337839017,4848014.693530053
12963733.564228833,4848136.540726583
12963734.67742374,4848265.64236078
12963734.67742374,4848265.64236078
12963736.903813556,4848390.393846218
12963736.903813556,4848390.393846218
12963736.903813556,4848519.498774978
12963739.130203372,4848651.506670627
12963739.130203372,4848909.724981921
12963744.696177911,4849031.583142315
12963749.148957543,4849153.442795616
12963753.601737175,4849278.205415956
12963755.828126991,4849404.420356823
12963758.054516809,4849529.186125388
12963760.280906621,4849653.95345907
12963763.620491348,4849777.271547794
12963765.846881164,4849900.591165582
12963768.07327098,4850028.264851498
12963769.186465885,4850158.841907441
12963771.412855703,4850283.617140533
12963773.63924552,4850409.844841367
12963775.865635335,4850536.074144414
12963778.092025151,4850659.403171856
12963779.205220059,4850778.380859598
12963780.318414964,4850898.81094442
12963781.431609875,4851022.144470658
12963784.771194596,4851144.028517061
12963785.884389507,4851244.148672818
12963786.997584414,4851393.605273698
12963788.110779323,4851515.493873438
12963791.450364046,4851767.982154752
12963802.582313124,4852149.628911112
12963803.695508033,4852271.526779408
12963805.921897849,4852389.072567875
12963809.261482572,4852502.266122151
12963811.487872388,4852622.717088865
12963812.601067295,4852743.169514964
12963814.827457111,4852860.720880079
12963818.167041836,4852978.273635209
12963820.39343165,4853094.376486193
12963812.601067295,4853442.693175438
12963788.110779323,4853923.099967891
12963784.771194596,4854036.310991304
12963781.431609875,4854391.918105095
12963783.65799969,4854513.843473055
12963783.65799969,4854627.061225458
12963783.65799969,4854737.377199126
12963786.997584414,4854843.339747836
12963788.110779323,4854950.754991404
12963788.110779323,4855049.461914493
12963789.22397423,4855126.395931451
12963793.676753862,4855198.975738695
12963793.676753862,4855198.975738695
12963802.582313124,4855293.330280586
12963802.582313124,4855293.330280586
12963805.921897849,4855357.201555863
12963809.261482572,4855426.879778904
12963810.37467748,4855496.558490505
12963811.487872388,4855570.592656908
12963811.487872388,4855728.824391126
12963812.601067295,4855808.667048308
12963814.827457111,4855891.413751784
12963820.39343165,4855977.064574111
12963824.846211283,4856042.391968779
12963828.185796008,4856085.943803826
12963847.110109441,4856104.816324963
12963852.676083982,4856104.816324963
12963864.921227967,4856107.719792934
12963904.996244652,4856109.171527237
12963946.184456248,4856106.268058841
12963988.485862749,4856103.364591293
12964010.749760909,4856072.878233269
12964015.202540537,4855998.8403246105
12964018.542125264,4855975.612859106
12964018.542125264,4855971.25771537
12964018.542125264,4855968.35428727
12964019.65532017,4855968.35428727
12964019.65532017,4855966.902573537
12964019.65532017,4855966.902573537
12964019.65532017,4855966.902573537
12964019.65532017,4855966.902573537
12964019.65532017,4855966.902573537
12964019.65532017,4855966.902573537
12964019.65532017,4855966.902573537
12964019.65532017,4855966.902573537
12964019.65532017,4855966.902573537
12964021.881709985,4855963.999146715
12964020.76851508,4855942.223472563
12964025.221294709,4855917.544432878
12963997.391422015,4855888.510347013
12963948.410846064,4855881.251838805
12963884.95873631,4855885.606943097
12963835.978160363,4855892.865454488
12963805.921897849,4855895.76886053
12963799.242728401,4855932.061507625
12963797.016338585,4855981.419720393
12963782.54480478,4855997.388606428
12963765.846881164,4855945.126893027
12963759.167711714,4855885.606943097
12963755.828126991,4855821.732271469
12963746.922567727,4855743.341190172
12963739.130203372,4855664.950727274
12963734.67742374,4855586.560882757
12963730.224644108,4855503.816717726
12963732.451033924,4855418.169974308
12963733.564228833,4855335.427211352
12963735.790618647,4855258.491576181
12963739.130203372,4855180.104937822
12963736.903813556,4855103.170505083
12963734.67742374,4855023.333515915
12963734.67742374,4855023.333515915
12963738.017008465,4854939.14247667
12963738.017008465,4854854.952150633
12963735.790618647,4854778.020234936
12963735.790618647,4854692.379746214
12963734.67742374,4854609.64302576
12963739.130203372,4854539.970532216
12963738.017008465,4854470.298527083
12963734.67742374,4854400.627010344
12963732.451033924,4854330.955981993
12963723.545474662,4854271.445698679
12963720.205889937,4854233.707654853
12963721.319084845,4854232.256194493
12963721.319084845,4854232.256194493
12963700.168381594,4854207.581400759
12963699.055186687,4854207.581400759
12963687.923237609,4854193.066844827
12963695.715601962,4854136.460279205
12963702.39477141,4854066.791102541
12963714.639915397,4853985.511013622
12963720.205889937,4853895.523119031
12963725.771864476,4853820.050029169
12963734.67742374,4853760.542804666
12963740.243398279,4853690.876262802
12963746.922567727,4853605.2451406885
12963760.280906621,4853537.031045865
12963776.97883024,4853310.621660916
12963778.092025151,4853296.108414682
12963778.092025151,4853267.081985776
12963776.97883024,4853261.276710164
12963776.97883024,4853261.276710164
12963726.885059385,4853133.5615044525
12963726.885059385,4853133.5615044525
12963726.885059385,4853133.5615044525
12963726.885059385,4853135.01280439
12963727.998254294,4853135.01280439
12963727.998254294,4853135.01280439
12963727.998254294,4853135.01280439
12963727.998254294,4853135.01280439
12963727.998254294,4853135.01280439
12963727.998254294,4853135.01280439
12963727.998254294,4853135.01280439
12963647.84822092,4852883.941067219
12963647.84822092,4852883.941067219
12963648.96141583,4852889.746122479
12963730.224644108,4853158.233632228
12963730.224644108,4853158.233632228
12963730.224644108,4853158.233632228
12963730.224644108,4853159.684935771
12963730.224644108,4853159.684935771
12963729.1114492,4853142.269307262
12963729.1114492,4853113.243327557
12963726.885059385,4853052.2890460305
12963725.771864476,4852984.078745554
12963724.658669569,4852910.0638425825
12963724.658669569,4852910.0638425825
12963723.545474662,4852841.854517963
12963723.545474662,4852841.854517963
12963723.545474662,4852775.096908736
12963740.243398279,4852770.743167182
12963725.771864476,4852733.010820267
12963702.39477141,4852724.3033759305
12963699.055186687,4852663.351479128
12963701.281576503,4852609.656070125
12963707.960745951,4852570.473116859
12963724.658669569,4852539.997593309
12963731.337839017,4852537.095167365
12963732.451033924,4852532.741530038
12963732.451033924,4852531.2903180225
12963732.451033924,4852531.2903180225
12963732.451033924,4852531.2903180225
12963732.451033924,4852531.2903180225
12963730.224644108,4852519.680629505
12963705.734356133,4852487.754055993
12963654.527390368,4852477.595622282
12963583.282916263,4852479.046826464
12963508.69885743,4852473.242011014
12963426.322434241,4852465.985996469
12963348.398790687,4852460.181188646
12963268.248757316,4852450.022783112
12963180.30635959,4852445.669183915
12963091.250766957,4852448.571583167
12962997.74239469,4852452.925183634
12962898.668047883,4852465.985996469
12962801.820090894,4852468.888401653
12962706.08532881,4852463.083592134
12962611.463761635,4852464.534794194
12962517.955389371,4852460.181188646
12962422.220627287,4852460.181188646
12962324.25947539,4852461.632390286
12962227.411518399,4852461.632390286
12962128.337171596,4852463.083592134
12962031.489214605,4852463.083592134
12961942.43362197,4852464.534794194
12961865.62317332,4852467.437198954
12961831.114131175,4852460.181188646
12961824.434961729,4852458.729987218
12961822.208571913,4852457.2787860045
12961821.095377002,4852458.729987218
12961821.095377002,4852458.729987218
12961822.208571913,4852458.729987218
12961822.208571913,4852458.729987218
12961822.208571913,4852458.729987218
12961824.434961729,4852458.729987218
12961824.434961729,4852458.729987218
12961816.64259737,4852460.181188646
12961774.34119087,4852461.632390286
12961715.34186075,4852468.888401653
12961649.663361182,4852473.242011014
12961573.966107441,4852474.69321456
12961499.382048612,4852477.595622282
12961438.156328674,4852471.790807678
12961375.817413831,4852467.437198954
12961303.459744815,4852464.534794194
12961233.328465616,4852461.632390286
12961233.328465616,4852461.632390286
12961157.631211877,4852461.632390286
12961157.631211877,4852461.632390286
12960942.784594646,4852461.632390286
12960901.596383052,4852464.534794194
12960883.785264526,4852465.985996469
12960858.181781644,4852465.985996469
12960830.351908943,4852474.69321456
12960820.333154771,4852515.326999808
12960819.219959864,4852571.924334595
12960833.691493668,4852660.449017168
12960850.389417285,4852661.900248041
12960867.087340904,4852643.034263234
12960870.426925628,4852595.143847203
12960875.99290017,4852535.64395471
12960877.106095076,4852474.69321456
12960880.445679799,4852310.708554479
12960882.672069618,4852223.638152907
12960883.785264526,4852136.5685138665
12960887.124849249,4852056.755347916
12960883.785264526,4851990.003010226
12960835.917883484,4851966.784910865
12960764.673409374,4851960.9803945
12960682.296986189,4851976.942822663
12960612.165706988,4851974.040561095
12960556.505961593,4851971.138300369
12960550.93998705,4851968.23604049
12960552.053181961,4851969.687170321
12960552.053181961,4851969.687170321
12960552.053181961,4851969.687170321
12960526.44969908,4851963.882652258
12960468.563563867,4851959.529265935
12960395.092699941,4851952.273626299
12960320.50864111,4851952.273626299
12960249.264167003,4851955.175881519
12960169.114133634,4851958.078137582
12960086.737710442,4851950.822499005
12960011.040456705,4851955.175881519
12959977.644609468,4851953.724753801
12959974.305024743,4851958.078137582
12959974.305024743,4851958.078137582
12959974.305024743,4851959.529265935
12959974.305024743,4851959.529265935
12959974.305024743,4851959.529265935
12959974.305024743,4851959.529265935
12959975.418219652,4851960.9803945
12959773.929941315,4851969.687170321
12959688.213933405,4851950.822499005
12959614.74306948,4851908.739899673
12959554.630544452,4851852.14634002
12959554.630544452,4851852.14634002
12959496.74440924,4851788.297582517
12959496.74440924,4851788.297582517
12959435.518689305,4851722.998140985
12959369.840189734,4851657.699128301
12959242.935970234,4851525.651324198
12959182.823445203,4851470.5110019585
12958979.108777052,4851393.605273698
12958932.354590919,4851408.1157429395
12958900.071938587,4851415.370985499
12958874.468455706,4851416.822034644
12958861.11011681,4851416.822034644
12958856.65733718,4851399.409458853
12958856.65733718,4851399.409458853
12958856.65733718,4851400.86050567
12958856.65733718,4851402.3115527015
12958854.430947363,4851502.434309142
12958856.65733718,4851585.145172722
12958856.65733718,4851585.145172722
12958855.54414227,4851585.145172722
12958819.921905218,4851663.503467619
12958772.054524178,4851782.493170352
12958856.65733718,4851514.042809893
12958856.65733718,4851514.042809893
12958838.846218653,4851519.847065352
12958799.884396875,4851505.336433059
12958695.24407553,4851480.668406763
12958647.376694487,4851469.059944975
12958634.018355595,4851448.745169459
12958602.84889817,4851441.489902547
12958544.96276296,4851434.234640931
12958462.586339772,4851419.724133574
12958369.077967504,4851421.175183359
12958284.4751545,4851418.273084005
12958212.117485488,4851403.762599941
12958133.080647023,4851381.996913556
12958039.572274756,4851379.094825634
12957949.403487213,4851380.545869488
12957864.80067421,4851370.388566962
12957780.197861208,4851361.682315914
12957706.726997284,4851357.329193245
12957684.463099126,4851350.0739930365
12957715.632556546,4851344.269836679
12957775.745081577,4851344.269836679
12957859.234699672,4851347.171914433
12957942.724317769,4851347.171914433
12958002.836842796,4851371.839609544
12958054.043808559,4851348.622953631
12958123.061892852,4851337.014645999
12958183.17441788,4851335.563608499
12958225.475824382,4851299.287739792
12958227.702214194,4851223.834356799
12958229.928604014,4851149.832556537
12958232.154993828,4851077.282306599
12958232.154993828,4851010.536544157
12958232.154993828,4851010.536544157
12958229.928604014,4850940.88926969
12958229.928604014,4850940.88926969
12958233.268188737,4850894.458024384
12958234.381383644,4850861.085700732
12958236.60777346,4850816.105789533
12958241.060553093,4850745.008925492
12958245.513332725,4850665.206928474
12958248.852917448,4850595.562072583
12958249.966112357,4850527.368623796
12958253.30569708,4850453.3720062515
12958254.418891987,4850379.375939298
12958254.418891987,4850309.733085115
12958257.75847671,4850257.501264529
12958258.871671619,4850234.287210103
12958254.418891987,4850227.032829205
12958253.30569708,4850228.483704962
12958253.30569708,4850228.483704962
12958253.30569708,4850228.483704962
12958253.30569708,4850228.483704962
12958253.30569708,4850228.483704962
12958253.30569708,4850228.483704962
12958253.30569708,4850228.483704962
12958253.30569708,4850228.483704962
12958252.19250217,4850229.934580931
12958252.19250217,4850229.934580931
12958252.19250217,4850229.934580931
12958252.19250217,4850229.934580931
12958252.19250217,4850229.934580931
12958252.19250217,4850229.934580931
12958252.19250217,4850229.934580931
12958252.19250217,4850229.934580931
12958253.30569708,4850229.934580931
12958253.30569708,4850229.934580931
12958253.30569708,4850229.934580931
12958253.30569708,4850229.934580931
12958253.30569708,4850229.934580931
12958254.418891987,4850228.483704962
12958255.532086896,4850200.917101794
12958259.984866528,4850141.431534257
12958273.343205422,4850054.380125535
12958278.909179961,4849958.624455998
12958281.135569777,4849858.517241779
12958283.361959593,4849783.074789642
12958283.361959593,4849768.566691378
12958280.02237487,4849768.566691378
12958278.909179961,4849768.566691378
12958278.909179961,4849770.017500251
12958280.02237487,4849756.960228002
12958284.4751545,4849701.829711938
12958287.814739225,4849633.642391115
12958290.041129041,4849578.512558607
12958291.154323949,4849558.201644714
12958293.380713765,4849558.201644714
12958293.380713765,4849558.201644714
12958293.380713765,4849558.201644714
12958293.380713765,4849558.201644714
12958293.380713765,4849558.201644714
12958293.380713765,4849556.750866735
12958293.380713765,4849556.750866735
12958287.814739225,4849550.947756948
12958287.814739225,4849550.947756948
12958261.098061435,4849533.538447889
12958208.777900763,4849527.735351645
12958139.75981647,4849520.481486094
12958062.949367821,4849517.579941357
12957982.799334453,4849514.678397468
12957899.309716357,4849510.326083217
12957814.706903353,4849504.523000512
12957735.670064889,4849501.621460433
12957667.765175506,4849498.719921193
12957624.350574099,4849497.269151894
12957621.010989375,4849503.072230367
12957621.010989375,4849505.973770872
12957615.445014833,4849504.523000512
12957566.464438885,4849495.818382807
12957517.483862936,4849488.564540538
12957442.899804104,4849478.409170246
12957368.315745272,4849458.098460772
12957291.505296623,4849436.337032362
12957218.034432702,4849410.223381119
12957153.46912804,4849381.208293481
12957088.903823381,4849353.644038628
12957017.659349274,4849324.629116041
12956947.528070075,4849297.0650179805
12956880.736375598,4849275.303941895
12956806.152316766,4849260.796584285
12956778.322444068,4849253.5429134155
12956771.643274624,4849247.739980528
12956770.530079713,4849250.641446549
12956761.624520449,4849247.739980528
12956749.379376462,4849220.176095551
12956750.49257137,4849167.949996648
12956754.945351003,4848988.06219937
12956758.284935726,4848885.063393004
12956763.850910265,4848786.417648758
12956767.190494988,4848681.970279949
12956770.530079713,4848584.777185744
12956773.869664436,4848528.202538326
12956776.096054252,4848499.190023438
12956774.982859345,4848496.288776603
12956777.20924916,4848491.936907939
12956777.20924916,4848471.628212672
12956763.850910265,4848416.504820231
12956756.05854591,4848361.38173325
12956710.417554686,4848272.895311284
12956661.436978735,4848185.860254236
12956650.305029657,4848075.616941766
12956650.305029657,4847959.572669517
12956654.757809287,4847847.881335903
12956665.889758367,4847614.348963032
12956673.682122722,4847521.517741196
12956720.436308857,4847395.326688047
12956744.926596832,4847289.443476085
12956750.49257137,4847180.660527774
12956751.605766278,4847089.283770346
12956773.869664436,4846952.945406762
12956773.869664436,4846952.945406762
12956806.152316766,4846865.921896175
12956806.152316766,4846865.921896175
12956825.076630203,4846728.136227663
12956825.076630203,4846728.136227663
12956828.416214926,4846607.756626357
12956829.529409831,4846496.080467147
12956821.737045476,4846425.0144729605
12956817.284265844,4846322.042198227
12956817.284265844,4846258.228928964
12956817.284265844,4846245.176265212
12956818.397460755,4846246.626560341
12956818.397460755,4846245.176265212
12956818.397460755,4846243.725970298
12956818.397460755,4846243.725970298
12956818.397460755,4846243.725970298
12956821.737045476,4846230.673325569
12956813.944681121,4846204.568087475
12956760.511325542,4846203.1177984765
12956717.096724132,4846198.766932754
12956689.266851433,4846200.217221116
12956680.361292172,4846198.766932754
12956671.455732906,4846206.018376682
12956671.455732906,4846235.024205241
12956664.776563458,4846266.930714314
12956678.134902356,4846369.902418729
12956680.361292172,4846364.101167618
12956678.134902356,4846375.703673222
12956677.02170745,4846378.604301737
12956674.79531763,4846375.703673222
12956673.682122722,4846388.756508194
12956671.455732906,4846394.557773679
12956671.455732906,4846394.557773679
12956671.455732906,4846394.557773679
12956671.455732906,4846394.557773679
12956671.455732906,4846394.557773679
12956671.455732906,4846394.557773679
12956671.455732906,4846394.557773679
12956671.455732906,4846394.557773679
12956670.342538,4846394.557773679
12956670.342538,4846396.008090581
12956670.342538,4846396.008090581
12956669.22934309,4846397.45840769
12956669.22934309,4846397.45840769
12956669.22934309,4846397.45840769
12956669.22934309,4846397.45840769
12956669.22934309,4846398.908725014
12956669.22934309,4846398.908725014
12956669.22934309,4846398.908725014
12956669.22934309,4846398.908725014
12956669.22934309,4846400.359042547
12956669.22934309,4846400.359042547
12956669.22934309,4846400.359042547
12956668.116148183,4846400.359042547
12956668.116148183,4846400.359042547
12956668.116148183,4846401.809360289
12956668.116148183,4846401.809360289
12956668.116148183,4846401.809360289
12956668.116148183,4846403.259678247
12956667.002953278,4846403.259678247
12956667.002953278,4846403.259678247
12956667.002953278,4846403.259678247
12956667.002953278,4846403.259678247
12956667.002953278,4846404.709996413
12956667.002953278,4846404.709996413
12956667.002953278,4846404.709996413
12956667.002953278,4846404.709996413
12956667.002953278,4846404.709996413
12956667.002953278,4846404.709996413
12956668.116148183,4846411.961590427
12956663.663368551,4846417.762869435
12956663.663368551,4846398.908725014
12956662.550173642,4846355.399297299
12956662.550173642,4846322.042198227
12956665.889758367,4846287.234909716
12956667.002953278,4846258.228928964
12956670.342538,4846216.17040706
12956671.455732906,4846195.866356662
12956668.116148183,4846161.0595095055
12956667.002953278,4846136.404733104
12956664.776563458,4846095.796999243
12956662.550173642,4846056.639698533
12956659.210588919,4846018.932813853
12956658.097394012,4845982.676328708
12956655.871004196,4845950.7707310505
12956652.53141947,4845913.064247524
12956652.53141947,4845884.059357419
12956688.153656527,4845860.855506203
12956774.982859345,4845840.5521807745
12956844.000943637,4845778.192225956
12956844.000943637,4845681.027493764
12956845.114138545,4845615.76813157
12956849.566918178,4845536.007270055
12956850.680113085,4845477.999772288
12956852.9065029,4845406.941048309
12956856.246087624,4845354.73496217
12956861.812062163,4845269.1755798645
12956901.887078848,4845166.215264465
12956851.793307992,4845158.964578177
12956855.132892717,4845119.810963496
12956890.75512977,4844998.000702862
12956886.302350137,4844973.3488077
12956915.245417746,4844867.491363699
12956874.05720615,4844896.493291176
12956866.264841795,4844823.988630947
12956874.05720615,4844773.235683059
12956997.621840931,4844494.82411565
12957000.961425655,4844409.272125314
12956891.868324677,4844500.624277207
12956903.000273757,4844402.021990438
12956900.77388394,4844358.5212921
12956900.77388394,4844243.970362627
12956900.77388394,4844171.470455572
12956901.887078848,4844120.720834838
12956913.019027928,4843901.775437222
12956913.019027928,4843869.876509702
12956913.019027928,4843864.076715678
12956914.132222835,4843865.526663866
12956915.245417746,4843866.976612267
12956916.358612655,4843868.426560876
12956916.358612655,4843868.426560876
12956916.358612655,4843868.426560876
12956916.358612655,4843868.426560876
12956916.358612655,4843868.426560876
12956920.811392283,4843814.778602936
12956924.150977006,4843749.531476182
12956921.92458719,4843688.634543737
12956923.037782101,4843592.940116853
12956926.377366822,4843540.743544471
12956934.169731177,4843482.747673929
12956944.188485349,4843433.451449627
12956954.207239522,4843330.510121315
12956966.452383509,4843152.177663474
12956975.357942773,4842981.097494903
12956976.47113768,4842923.104884628
12956978.697527496,4842866.562414867
12956984.263502037,4842857.863601866
12957064.413535409,4842776.675047058
12956985.376696944,4842883.960063666
12956985.376696944,4842883.960063666
12956985.376696944,4842883.960063666
12956985.376696944,4842883.960063666
12956985.376696944,4842883.960063666
12956985.376696944,4842882.51025844
12956986.489891851,4842879.610648616
12957006.527400194,4842888.309480619
12957007.640595103,4842928.904130455
12957004.30101038,4843017.343047873
12957000.961425655,4843095.633892657
12956994.282256208,4843223.220292302
12956989.829476576,4843307.312222467
12956985.376696944,4843436.351220771
12956982.03711222,4843521.894849483
12956975.357942773,4843645.136962929
12956972.018358048,4843724.882672934
12956968.678773325,4843826.37813691
12956966.452383509,4843858.276925036
12956961.999603877,4843853.927084274
12956961.999603877,4843852.477137773
12956960.88640897,4843852.477137773
12956959.773214063,4843852.477137773
12956959.773214063,4843852.477137773
12956959.773214063,4843852.477137773
12956959.773214063,4843890.175815384
12956958.660019154,4843933.674466963
12956957.546824247,4844020.672340387
12956957.546824247,4844020.672340387
12956954.207239522,4844097.521094395
12956954.207239522,4844097.521094395
12956953.094044615,4844230.920340386
12956945.30168026,4844328.07091638
12956931.943341361,4844474.523576825
12956927.490561733,4844705.082131579
12956925.264171917,4844800.787251228
12956923.037782101,4844945.79676183
12956919.698197378,4845041.50419623
12956916.358612655,4845189.417496089
12956914.132222835,4845286.57742854
12956909.679443207,4845427.2434891015
12956906.33985848,4845520.055174463
12956888.528739953,4845662.174745173
12956878.509985782,4845749.187728959
12956881.849570505,4845878.258389542
12956884.075960321,4846055.189431098
12956881.849570505,4846101.598093934
12956875.17040106,4846146.556692461
12956874.05720615,4846188.614920132
12956870.717621427,4846284.3343078345
12956869.60442652,4846352.4986755485
12956866.264841795,4846570.047653219
12956857.35928253,4846699.128961632
12956872.944011243,4846897.830428348
12956897.434299216,4846964.548599017
12956917.471807562,4847048.672147529
12956921.92458719,4847102.337541455
12956919.698197378,4847179.210096497
12956916.358612655,4847224.17356437
12957063.3003405,4847257.533687974
12957107.828136817,4847261.885016688
12957145.676763685,4847228.524878494
12957146.789958593,4847187.912687323
12957078.88506921,4847160.354509156
12957007.640595103,4847153.102369689
12956882.962765414,4847145.850235513
12956793.907172779,4847137.147681476
12956654.757809287,4847131.345983017
12956565.702216655,4847128.445135056
12956434.345217517,4847122.643441667
12956344.176429976,4847116.841751663
12956203.913871575,4847109.589643917
12955883.313738089,4847092.184606888
12955419.111461481,4847060.27545142
12955291.09404707,4847048.672147529
12955205.37803916,4847042.870500658
12955077.36062475,4847031.267217068
12955077.36062475,4847031.267217068
12954984.965447389,4847019.663947007
12954984.965447389,4847019.663947007
12954845.816083899,4847006.610284364
12954845.816083899,4847006.610284364
12954753.420906538,4846997.90785212
12954619.837517587,4846984.85421802
12954323.727672078,4846967.449399191
12954151.182461346,4847038.519267727
12954098.862300673,4847034.168036698
12954063.24006362,4847084.932517114
12954064.35325853,4847145.850235513
12954065.466453437,4847264.785903558
12954067.692843253,4847356.164272856
12954068.80603816,4847488.156732422
12954068.80603816,4847576.636174695
12954071.032427976,4847711.5325764585
12954071.032427976,4847778.256203982
12954072.145622885,4847882.694084597
12954068.80603816,4848024.847406099
12954067.692843253,4848062.561893562
12954053.22130945,4848072.715818461
12954049.881724726,4848074.166380009
12954050.994919633,4848075.616941766
12954052.108114539,4848075.616941766
12954052.108114539,4848075.616941766
12954052.108114539,4848075.616941766
12954053.22130945,4848075.616941766
12954056.560894173,4848095.924828581
12954058.787283989,4848162.651034293
12954061.013673805,4848223.575352128
12954064.35325853,4848341.073304518
12954064.35325853,4848429.560332941
12954063.24006362,4848552.863242514
12954063.24006362,4848621.043154606
12954065.466453437,4848696.476793365
12954064.35325853,4848725.48988367
12954061.013673805,4848747.249756932
12954055.447699266,4848751.601737295
12954057.674089082,4848751.601737295
12954057.674089082,4848751.601737295
12954058.787283989,4848751.601737295
12954058.787283989,4848751.601737295
12954059.900478898,4848750.151076961
12954061.013673805,4848750.151076961
12954061.013673805,4848747.249756932
12954061.013673805,4848776.262995325
12954061.013673805,4848838.641744438
12954061.013673805,4848903.922249618
12954056.560894173,4849021.428238595
12954057.674089082,4849108.470606888
12954059.900478898,4849234.683393911
12954059.900478898,4849313.023170707
12954058.787283989,4849421.829439875
12954058.787283989,4849421.829439875
12954057.674089082,4849533.538447889
12954059.900478898,4849545.144650543
12954078.824792331,4849564.004758739
12954078.824792331,4849564.004758739
12954077.711597424,4849595.921946386
12954076.598402515,4849630.740813365
12954071.032427976,4849706.18210999
12954069.919233069,4849774.369928141
12954069.919233069,4849902.041993712
12954073.258817792,4849993.4445927935
12954058.787283989,4850112.414313353
12954050.994919633,4850186.408393978
12954059.900478898,4850316.987526338
12954062.126868714,4850404.041233774
12954064.35325853,4850480.939309222
12954066.579648344,4850493.997532036
12954065.466453437,4850501.252107674
12954065.466453437,4850501.252107674
12954065.466453437,4850501.252107674
12954066.579648344,4850501.252107674
12954066.579648344,4850501.252107674
12954066.579648344,4850501.252107674
12954065.466453437,4850501.252107674
12954066.579648344,4850501.252107674
12954066.579648344,4850499.801192122
12954066.579648344,4850499.801192122
12954066.579648344,4850499.801192122
12954066.579648344,4850499.801192122
12954066.579648344,4850501.252107674
12954066.579648344,4850501.252107674
12954068.80603816,4850563.641676636
12954075.485207608,4850623.1297697155
12954082.164377056,4850726.146577493
12954085.50396178,4850804.4981035385
12954088.843546502,4850917.673619938
12954092.183131227,4851093.243316169
12954089.956741411,4851162.891657741
12954077.711597424,4851268.8161123535
12954068.80603816,4851347.171914433
12954061.013673805,4851561.928018751
12954055.447699266,4851696.87848445
12954052.108114539,4851786.846479159
12954045.428945094,4851997.2586774
12954045.428945094,4852117.703525909
12954044.315750187,4852162.689325515
12954025.391436752,4852156.884694773
12954022.051852025,4852155.4335376145
12954022.051852025,4852175.749757074
12954022.051852025,4852209.126493448
12954025.391436752,4852271.526779408
12954027.617826568,4852307.806195475
12954024.278241845,4852390.523759134
12954024.278241845,4852390.523759134
12954023.165046936,4852535.64395471
12954023.165046936,4852593.692626078
12954000.901148776,4852658.99778651
12953975.297665894,4852743.169514964
12953978.637250617,4852737.364545293
12953978.637250617,4852737.364545293
12953978.637250617,4852737.364545293
12953977.52405571,4852738.8157873945
12954087.730351595,4852836.049490667
12954135.597732635,4852788.1581448335
12954143.39009699,4852769.2919204235
12954145.616486808,4852756.230709114
12954145.616486808,4852756.230709114
12954146.729681714,4852757.681953966
12954140.05051227,4852757.681953966
12954141.163707174,4852759.133199032
12954157.861630796,4852820.08568309
12954156.748435885,4852820.08568309
12954156.748435885,4852820.08568309
12954156.748435885,4852818.634429125
12954144.503291901,4852814.280668507
12954128.91856319,4852809.926909792
12954103.315080306,4852801.219398091
12954095.52271595,4852837.500747175
12954093.296326134,4852844.7570328815
12954077.711597424,4852844.7570328815
12954068.80603816,4852870.879705279
12954066.579648344,4852873.782228673
12954063.24006362,4852894.099916149
12954061.013673805,4852912.966377416
12954055.447699266,4852941.991772358
12954048.768529817,4852973.919804676
12954029.844216384,4853013.104348127
12954023.165046936,4853059.545488518
12953995.335174236,4853074.058389386
12953975.297665894,4853078.412263775
12953908.505971419,4853069.704516899
12953867.317759823,4853069.704516899
12953831.69552277,4853052.2890460305
12953831.69552277,4853024.7146128835
12953828.355938047,4852956.50450161
12953831.69552277,4852921.673987002
12953871.770539455,4852904.2587754605
12953897.374022337,4852907.161308597
12953928.543479761,4852901.35624317
12953955.260157552,4852895.55118113
12953981.97683534,4852892.648651381
12953989.769199697,4852867.977182734
12953989.769199697,4852867.977182734
12953990.882394604,4852805.573152987
12953990.882394604,4852805.573152987
12953991.995589511,4852757.681953966
12953991.995589511,4852757.681953966
12953991.995589511,4852703.986035474
12953940.788623748,4852651.741636391
12953943.015013564,4852645.936720106
12953945.24140338,4852637.229352037
12953953.033767736,4852638.680579518
12953958.599742275,4852637.229352037
12953967.505301539,4852640.13180721
12953968.618496446,4852640.13180721
12953968.618496446,4852638.680579518
12953966.39210663,4852637.229352037
12953968.618496446,4852632.8756708605
12953967.505301539,4852625.619539805
12953963.052521907,4852603.851178414
12953964.165716814,4852589.33896397
12953971.958081169,4852577.729207664
12953970.844886262,4852550.156090778
12953969.731691355,4852497.912500077
12953975.297665894,4852458.729987218
12953981.97683534,4852402.133296826
12953987.542809881,4852365.853536549
12953995.335174236,4852323.769180485
12953996.448369144,4852312.159734301
12953999.78795387,4852317.964455698
12953999.78795387,4852317.964455698
12953999.78795387,4852317.964455698
12953999.78795387,4852317.964455698
12954000.901148776,4852316.513275032
12954000.901148776,4852316.513275032
12954000.901148776,4852317.964455698
12954000.901148776,4852315.062094573
12954005.353928408,4852275.880302345
12954008.69351313,4852198.9683444295
12954009.806708042,4852138.019668267
12954002.014343683,4851904.386537492
12954019.825462213,4851598.204845655
12954022.051852025,4851531.455586434
12954026.504631657,4851435.685692828
12954028.731021473,4851307.993936212
12954030.957411291,4851289.130520269
12954029.844216384,4851283.3263994865
12954029.844216384,4851283.3263994865
12954029.844216384,4851283.3263994865
12954029.844216384,4851283.3263994865
12954029.844216384,4851283.3263994865
12954029.844216384,4851283.3263994865
12954029.844216384,4851283.3263994865
12954028.731021473,4851281.875369822
12954027.617826568,4851255.7568720365
12954029.844216384,4851191.911944043
12954029.844216384,4851191.911944043
12954036.523385828,4851136.773472483
12954036.523385828,4851136.773472483
12954045.428945094,4851048.262354835
12954046.542140001,4850969.908908103
12954047.65533491,4850848.026995876
12954050.994919633,4850769.675126858
12954046.542140001,4850598.463931836
12954048.768529817,4850588.307428145
12954043.202555278,4850582.503716404
12954043.202555278,4850582.503716404
12954043.202555278,4850582.503716404
12954042.089360368,4850582.503716404
12954042.089360368,4850582.503716404
12954042.089360368,4850582.503716404
12954039.862970555,4850566.543526581
12954048.768529817,4850512.859439704
12954040.976165462,4850447.568373259
12954028.731021473,4850337.299989912
12954038.749775646,4850137.078945724
12954043.202555278,4849949.919440846
12954048.768529817,4849880.279593938
12954055.447699266,4849796.132096176
12954055.447699266,4849762.763457997
12954054.334504358,4849758.411035182
12954052.108114539,4849761.312650179
12954077.711597424,4849658.305836174
12954077.711597424,4849658.305836174
12954078.824792331,4849662.658215178
12954079.93798724,4849664.109008606
12954081.051182147,4849667.010596088
12954081.051182147,4849667.010596088
12954078.824792331,4849675.715363623
12954054.334504358,4849748.255389358
12954056.560894173,4849733.747341886
12954055.447699266,4849732.296538302
12954053.22130945,4849730.8457349315
12954053.22130945,4849730.8457349315
12954053.22130945,4849730.8457349315
12954056.560894173,4849703.28051108
12954078.824792331,4849680.067750247
12954165.65399515,4849668.461390149
12954241.351248888,4849664.109008606
12954363.802688764,4849659.756628963
12954445.065917041,4849656.855043594
12954565.290967098,4849652.502667129
12954648.780585192,4849652.502667129
12954771.232025066,4849656.855043594
12954850.268863527,4849661.207421963
12954971.607108494,4849664.109008606
12955045.077972416,4849659.756628963
12955133.020370144,4849656.855043594
12955155.284268303,4849658.305836174
12955178.661361368,4849651.051875394
12955189.793310447,4849622.036085192
12955189.793310447,4849622.036085192
12955193.132895174,4849549.496980028
12955193.132895174,4849549.496980028
12955194.246090079,4849501.621460433
12955196.472479897,4849427.632474333
12955198.698869713,4849372.503783697
12955198.698869713,4849320.276884954
12955197.585674802,4849308.670944696
12955197.585674802,4849289.811320662
12955189.793310447,4849279.656153303
12955189.793310447,4849279.656153303
12955194.246090079,4849265.148789348
12955198.698869713,4849214.373182129
12955205.37803916,4849175.203605095
12955213.170403516,4849108.470606888
12955210.9440137,4848940.189382063
12955507.053859208,4848446.967709872
12955505.9406643,4848390.393846218
12955513.733028656,4848290.30241407
12955515.959418472,4848268.543540345
12955519.299003199,4848236.630611637
12955522.638587922,4848037.902404808
12955522.638587922,4847756.498450184
12955520.412198104,4847756.498450184
12955520.412198104,4847756.498450184
12955521.525393011,4847750.696390541
12955521.525393011,4847734.740743971
12955529.31775737,4847694.126486357
12955533.770536998,4847647.710394964
12955540.449706448,4847570.834219945
12955540.449706448,4847515.7158185905
12955541.562901353,4847440.291132629
12955539.336511541,4847389.524839031
12955539.336511541,4847295.245266737
12955537.110121721,4847122.643441667
12955533.770536998,4847048.672147529
12955520.412198104,4846983.403815286
12955520.412198104,4846983.403815286
12955502.601079578,4846974.701403335
12955502.601079578,4846974.701403335
12955443.601749457,4846965.998999
12955443.601749457,4846965.998999
12955391.281588783,4846957.2966022715
12955281.075292898,4846961.647799681
12955303.339191059,4847003.709472769
12955346.753792467,4847015.312724224
12955442.48855455,4847024.0151716955
12955525.978172643,4847031.267217068
12955658.448366687,4847042.870500658
12955749.73034914,4847050.122559777
12955883.313738089,4847057.374624179
12955970.142940909,4847063.176279507
12956098.160355324,4847068.97793822
12956177.197193785,4847076.230016364
12956276.271540591,4847070.428353424
12956345.289624881,4847071.878768839
12956453.26953095,4847067.527523221
12956717.096724132,4847063.176279507
12957093.356603013,4847073.329184471
12956913.019027928,4847050.122559777
12956909.679443207,4847142.94938332
12956907.45305339,4847199.516153602
12956959.773214063,4847228.524878494
12957020.998933997,4847232.8761945255
12957107.828136817,4847235.777072936
12957156.808712764,4847247.380595034
12957193.544144727,4847241.578832292
12957190.204560004,4847240.128392137
12957192.43094982,4847241.578832292
12957195.770534543,4847244.4797132425
12957196.883729452,4847244.4797132425
12957197.99692436,4847245.930154033
12957199.110119268,4847247.380595034
12957226.939991966,4847254.632803217
12957289.278906811,4847270.587679833
12957349.391431838,4847280.740796448
12957452.918558275,4847299.596611947
12957519.710252753,4847303.947959062
12957627.69015882,4847309.749758173
12957696.708243113,4847312.650658994
12957809.140928814,4847318.452463181
12957879.272208015,4847318.452463181
12957983.91252936,4847318.452463181
12958050.704223836,4847319.902914757
12958147.552180825,4847319.902914757
12958208.777900763,4847315.551560665
12958292.267518856,4847314.101109725
12958292.267518856,4847314.101109725
12958346.814069346,4847318.452463181
12958346.814069346,4847318.452463181
12958393.568255479,4847232.8761945255
12958401.360619834,4847171.95794329
12958396.907840202,4847170.507513285
12958396.907840202,4847170.507513285
12958395.794645295,4847166.156224529
12958393.568255479,4847163.255366418
12958392.45506057,4847161.80493768
12958392.45506057,4847163.255366418
12958392.45506057,4847163.255366418
12958392.45506057,4847144.399809312
12958391.341865662,4847042.870500658
12958391.341865662,4846925.387879395
12958385.775891123,4846852.868435233
12958390.228670755,4846751.342101377
12958395.794645295,4846690.426798311
12958400.247424927,4846600.504889657
12958402.47381474,4846539.590510008
12958408.039789282,4846467.073877603
12958425.850907808,4846369.902418729
12958424.737712903,4846351.0483649885
12958413.60576382,4846335.094962806
12958412.492568914,4846332.194346976
12958412.492568914,4846326.39311785
12958413.60576382,4846304.638538749
12958413.60576382,4846259.679225996
12958416.945348544,4846204.568087475
12958416.945348544,4846197.316644604
12958405.813399466,4846179.913203268
12958384.662696216,4846178.462917867
12958320.097391557,4846174.112062921
12958169.816078983,4846166.860642245
12958028.440325677,4846162.509792375
12957701.161022745,4846161.0595095055
12957618.78459956,4846159.609226852
12957563.124854162,4846158.158944409
12957399.485202696,4846165.410358746
12957340.485872574,4846178.462917867
12957072.205899764,4846221.971571926
12957008.75379001,4846211.819535631
12956993.1690613,4846208.918955734
12956989.829476576,4846208.918955734
12956960.88640897,4846206.018376682
12956899.660689035,4846197.316644604
12956899.660689035,4846197.316644604
12956864.038451979,4846187.164633458
12956864.038451979,4846187.164633458
12956838.434969097,4846140.755571559
12956830.642604742,4846082.744548554
12956831.75579965,4845998.629165894
12956831.75579965,4845952.220983269
12956833.982189465,4845884.059357419
12956829.529409831,4845855.054551854
12956827.303020015,4845856.504790126
12956827.303020015,4845857.955028606
12956828.416214926,4845857.955028606
12956828.416214926,4845856.504790126
12956829.529409831,4845840.5521807745
12956831.75579965,4845831.85076827
12956831.75579965,4845830.400533594
12956831.75579965,4845830.400533594
12956856.246087624,4845624.469355138
12956865.151646888,4845016.852193307
12956866.264841795,4844955.947506701
12956865.151646888,4844879.092124548
12956849.566918178,4844854.440523907
12956815.057876032,4844876.191933068
12956787.22800333,4844906.643985754
12956760.511325542,4844954.497399655
12956787.22800333,4844968.998479598
12956898.547494125,4844970.448588752
12956898.547494125,4844970.448588752
12956975.357942773,4844968.998479598
12957034.357272895,4844968.998479598
12957116.733696079,4844967.548370651
12957175.7330262,4844966.09826192
12957267.015008653,4844963.198045085
12957324.901143864,4844967.548370651
12957468.503286988,4844942.896550916
12957547.54012545,4844983.4995806655
12957614.331819927,4844974.798917487
12957718.972141271,4844971.8986981185
12957753.481183419,4844971.8986981185
12957873.706233475,4845021.20254233
12958064.06256273,4844993.6503639845
12958219.909849843,4844977.699137703
12958312.305027198,4844979.149248129
12958375.757136952,4844980.599358762
12958438.096051797,4844979.149248129
12958449.228000874,4844980.599358762
12958468.15231431,4844977.699137703
12958477.057873573,4844993.6503639845
12958477.057873573,4844993.6503639845
12958479.284263391,4845027.003010648
12958479.284263391,4845031.3533641035
12958480.397458298,4845051.655038711
12958478.171068482,4845092.258512167
12958473.71828885,4845164.765126786
12958470.378704127,4845218.4203616865
12958471.491899034,4845267.725427183
12958468.15231431,4845293.828207806
12958465.925924495,4845425.793313387
12958462.586339772,4845517.154796193
12958461.473144863,4845563.560949939
12958463.699534679,4845615.76813157
12958467.0391194,4845672.326220744
12958477.057873573,4845704.230925674
12958502.661356457,4845718.73309809
12958502.661356457,4845727.434411685
12958502.661356457,4845727.434411685
12958502.661356457,4845725.984192222
12958502.661356457,4845725.984192222
12958517.132890258,4845715.832661915
12958541.623178232,4845705.681141963
12958567.226661118,4845705.681141963
12958561.660686575,4845701.330493726
12958549.415542591,4845702.780709592
12958508.227330996,4845707.131358467
12958493.755797192,4845712.932226586
12958482.623848114,4845714.382444147
12958471.491899034,4845711.4820092395
12958470.378704127,4845712.932226586
12958474.831483759,4845718.73309809
12958474.831483759,4845718.73309809
12958474.831483759,4845718.73309809
12958474.831483759,4845718.73309809
12958474.831483759,4845720.183316495
12958474.831483759,4845720.183316495
12958474.831483759,4845720.183316495
12958474.831483759,4845720.183316495
12958458.13356014,4845704.230925674
12958447.001611058,4845643.322032298
12958445.888416152,4845599.815908128
12958444.775221245,4845515.704607377
12958447.001611058,4845409.841394459
12958449.228000874,4845253.223911974
12958449.228000874,4845219.870507188
12958448.114805968,4845172.0158173
12958449.228000874,4845135.762417549
12958452.5675856,4845099.509149858
12958452.5675856,4845099.509149858
12958451.45439069,4845083.557753908
12958462.586339772,4845089.35825857
12958462.586339772,4845089.35825857
12958462.586339772,4845089.35825857
12958464.812729588,4845080.657502847
12958462.586339772,4845032.803482346
12958462.586339772,4844992.20025145
12958464.812729588,4844912.4443873055
12958465.925924495,4844851.540339614
12958470.378704127,4844757.284810027
12958472.605093943,4844690.581436157
12958477.057873573,4844597.777485722
12958478.171068482,4844562.976227395
12958475.944678666,4844551.375834991
12958473.71828885,4844545.575643865
12958475.944678666,4844545.575643865
12958477.057873573,4844547.0256913295
12958479.284263391,4844542.675549567
12958479.284263391,4844542.675549567
12958477.057873573,4844539.775456113
12958471.491899034,4844499.174236498
12958473.71828885,4844461.473252301
12958475.944678666,4844384.62168829
12958481.510653205,4844238.170350628
12958487.076627744,4844183.070405215
12958492.642602285,4844077.221365859
12958495.982187008,4844004.722673338
12958500.43496664,4843897.425577448
12958503.774551364,4843835.077796261
12958507.114136087,4843740.831891598
12958508.227330996,4843684.284777101
12958511.566915719,4843605.989302713
12958512.680110628,4843555.242564904
12958517.132890258,4843442.150765591
12958521.58566989,4843382.7055913685
12958536.057203693,4843339.209347317
12958582.811389828,4843337.75947579
12958681.885736631,4843336.309604471
12959009.165039567,4843342.109091008
12959038.108107172,4843323.260772116
12959040.334496988,4843271.065613741
12959040.334496988,4843243.5182793755
12959040.334496988,4843243.5182793755
12959041.447691897,4843224.670147151
12959042.560886804,4843201.47249494
12959041.447691897,4843153.627507973
12959042.560886804,4843115.931619591
12959060.37200533,4843088.384714497
12959090.428267844,4843088.384714497
12959134.95606416,4843079.6857076725
12959136.069259072,4843056.488393303
12959139.408843795,4843008.644103124
12959139.408843795,4843008.644103124
12959136.069259072,4842976.748037416
12959136.069259072,4842976.748037416
12959178.370665573,4842969.49894582
12959205.087343361,4842968.0491281375
12959224.011656797,4842988.346594938
12959231.804021152,4843002.844810851
12959237.36999569,4843030.391479247
12959238.483190602,4843030.391479247
12959238.483190602,4843030.391479247
12959239.596385507,4843030.391479247
12959239.596385507,4843031.841306012
12959239.596385507,4843031.841306012
12959240.709580414,4843031.841306012
12959240.709580414,4843031.841306012
12959240.709580414,4843033.291132987
12959240.709580414,4843033.291132987
12959241.822775323,4843033.291132987
12959241.822775323,4843033.291132987
12959241.822775323,4843033.291132987
12959241.822775323,4843033.291132987
12959241.822775323,4843033.291132987
12959242.935970234,4843033.291132987
12959244.04916514,4843046.339585264
12959227.35124152,4843050.689073158
12959192.842199376,4843039.090442999
12959182.823445203,4843028.941652696
12959161.672741953,4843018.792872739
12959147.20120815,4843027.491826351
12959147.20120815,4843059.388054644
12959136.069259072,4843075.336207111
12959082.635903489,4843075.336207111
12959054.806030791,4843095.633892657
12959051.466446068,4843115.931619591
12959051.466446068,4843155.077352686
12959052.579640975,4843202.922346619
12959052.579640975,4843242.068421783
12959048.126861343,4843316.0114282
12959035.881717354,4843345.008835543
12958965.750438156,4843362.407320496
12958901.185133494,4843366.756946483
12958811.016345954,4843368.206822233
12958753.13021074,4843363.857195612
12958671.86698246,4843369.656698198
12958621.773211604,4843371.106574371
12958573.905830564,4843369.656698198
12958570.56624584,4843366.756946483
12958569.453050934,4843360.957445586
12958569.453050934,4843360.957445586
12958569.453050934,4843363.857195612
12958570.56624584,4843365.307070941
12958575.019025473,4843356.607822132
12958576.13222038,4843356.607822132
12958576.13222038,4843355.157948068
12958576.13222038,4843355.157948068
12958567.226661118,4843353.708074219
12958552.755127314,4843300.062890164
12958556.09471204,4843253.667288432
12958560.54749167,4843157.977042739
12958560.54749167,4843157.977042739
12958561.660686575,4843120.281137887
12958561.660686575,4843120.281137887
12958561.660686575,4843094.184056604
12958563.88707639,4843052.138902878
12958563.88707639,4843021.692523097
12958562.773881486,4842972.398581828
12958565.000271302,4842924.554695771
12958567.226661118,4842863.662809689
12958537.1703986,4842847.714996307
12958465.925924495,4842839.016199775
12958411.379374009,4842840.46599867
12958332.34253554,4842841.915797777
12958281.135569777,4842841.915797777
12958200.985536408,4842841.915797777
12958149.77857064,4842849.16479647
12958138.646621563,4842849.16479647
12958138.646621563,4842849.16479647
12958155.344545182,4842799.871709443
12958155.344545182,4842799.871709443
12958155.344545182,4842799.871709443
12958155.344545182,4842799.871709443
12958155.344545182,4842801.321502638
12958155.344545182,4842801.321502638
12958149.77857064,4842802.771296044
12958052.93061365,4842788.273371496
12958003.950037703,4842773.775468061
12957927.139589055,4842743.329939569
12957871.47984366,4842736.081017938
12957803.574954273,4842738.980585959
12957785.763835749,4842785.3737891195
12957751.254793603,4842955.000778475
12957731.21728526,4843020.242697812
12957702.274217652,4843123.180817809
12957674.444344955,4843188.423839327
12957627.69015882,4843278.314924931
12957598.747091215,4843347.908580924
12957555.332489805,4843455.199753786
12957527.502617108,4843527.69444414
12957489.653990237,4843633.537640151
12957466.27689717,4843701.683855043
12957410.617151774,4843855.377030982
12957390.57964343,4843913.375072571
12957382.787279075,4843930.774550943
12957382.787279075,4843940.924260709
12957382.787279075,4843940.924260709
12957382.787279075,4843940.924260709
12957382.787279075,4843940.924260709
12957382.787279075,4843940.924260709
12957370.542135088,4843997.472833127
12957354.957406377,4844039.521979851
12957321.561559139,4844120.720834838
12957293.731686443,4844175.820435106
12957260.335839203,4844254.120391753
12957242.524720676,4844301.970668479
12957213.58165307,4844367.22141656
12957213.58165307,4844367.22141656
12957192.43094982,4844417.97229413
12957156.808712764,4844503.524359249
12957134.544814607,4844562.976227395
12957088.903823381,4844606.477819313
12957055.507976145,4844606.477819313
12957009.866984919,4844605.027763188
12956976.47113768,4844603.57770727
12956933.056536272,4844632.578865727
12956927.490561733,4844689.131367778
12956921.92458719,4844799.337166789
12956917.471807562,4844887.792704054
12956913.019027928,4845028.453128254
12956909.679443207,4845124.161357517
12956907.45305339,4845267.725427183
12956904.113468664,4845363.43595751
12956900.77388394,4845509.903854219
12956898.547494125,4845608.517117744
12956894.094714493,4845756.438845283
12956889.641934862,4845850.703838312
12956885.18915523,4845968.173771636
12956881.849570505,4846037.786238331
12956872.944011243,4846142.2058514645
12956869.60442652,4846206.018376682
12956867.378036702,4846384.405561303
12956864.038451979,4846507.683126642
12956860.698867256,4846594.7035040995
12956857.35928253,4846731.036958921
12956856.246087624,4846820.960047249
12956888.528739953,4846942.792624642
12956907.45305339,4847018.213539203
12956908.566248296,4847140.048531976
12956905.226663573,4847227.074440243
12956905.226663573,4847357.614729927
12956920.811392283,4847444.642541274
12956944.188485349,4847576.636174695
12956941.962095533,4847654.962894969
12956943.075290443,4847756.498450184
12956943.075290443,4847798.5634837905
12956940.848900627,4847805.816093768
12956940.848900627,4847805.816093768
12956940.848900627,4847811.618185558
12956939.73570572,4847842.079222965
12956935.282926088,4847914.6058779145
12956933.056536272,4847972.627582569
12956924.150977006,4848072.715818461
12956918.585002467,4848149.595871872
12956871.830816334,4848258.38941556
12956827.303020015,4848316.413125365
12956800.586342229,4848378.788990875
12956798.35995241,4848378.788990875
12956798.35995241,4848378.788990875
12956798.35995241,4848378.788990875
12956795.02036769,4848409.25176502
12956795.02036769,4848409.25176502
12956785.001613518,4848449.868942322
12956785.001613518,4848449.868942322
12956776.096054252,4848506.44314423
12956776.096054252,4848506.44314423
12956772.75646953,4848592.030368938
12956770.530079713,4848658.759902478
12956767.190494988,4848753.052397842
12956764.964105174,4848803.825650184
12956761.624520449,4848877.8099961355
12956759.398130633,4848927.133199151
12956756.05854591,4849011.273345245
12956756.05854591,4849080.907107852
12956757.171740817,4849156.344234134
12956754.945351003,4849199.865913393
12956768.303689897,4849243.387783086
12956812.831486216,4849256.444381129
12956897.434299216,4849278.205415956
12956951.980849704,4849298.51575808
12957037.696857618,4849330.432093787
12957105.601747,4849352.193290489
12957203.562898898,4849392.814318379
12957270.354593374,4849416.026408803
12957381.67408417,4849450.844646014
12957467.390092079,4849474.056871868
12957580.935972687,4849492.916845265
12957652.180446796,4849500.170690707
12957743.462429248,4849504.523000512
12957765.726327406,4849511.77685442
12957763.49993759,4849553.849311421
12957763.49993759,4849597.372730078
12957759.047157958,4849649.601083876
12957755.707573231,4849694.575719419
12957753.481183419,4849762.763457997
12957749.028403787,4849810.640234649
12957745.68881906,4849958.624455998
12957747.91520888,4850071.790346322
12957752.36798851,4850106.610879334
12957757.933963051,4850115.316031632
12957759.047157958,4850124.021191554
12957779.0846663,4850138.5298083555
12957843.649970962,4850141.431534257
12957897.08332654,4850141.431534257
12957966.101410834,4850147.234988598
12958015.081986781,4850145.784124698
12958103.024384506,4850150.136717038
12958155.344545182,4850151.587581574
12958225.475824382,4850148.685852711
12958255.532086896,4850128.373774372
12958262.211256342,4850051.47842503
12958267.777230883,4849986.190387572
12958274.45640033,4849862.8697084
12958281.135569777,4849767.115882714
12958288.927934133,4849633.642391115
12958293.380713765,4849568.357096476
12958306.739052663,4849568.357096476
12958303.399467936,4849610.429792815
12958298.946688304,4849696.026517498
12958291.154323949,4849775.820737864
12958284.4751545,4849925.255272632
12958284.4751545,4849925.255272632
12958280.02237487,4850025.363158616
12958280.02237487,4850025.363158616
12958274.45640033,4850141.431534257
12958274.45640033,4850154.489311285
12958261.098061435,4850173.35057504
12958228.815409105,4850168.997972539
12958145.32579101,4850179.154048008
12958082.986876164,4850182.055785761
12957983.91252936,4850180.604916777
12957920.460419608,4850179.154048008
12957825.838852433,4850182.055785761
12957764.613132497,4850180.604916777
12957696.708243113,4850171.8997073285
12957648.840862073,4850171.8997073285
12957585.388752319,4850177.703179447
12957564.23804907,4850211.073209863
12957567.577633793,4850250.246866701
12957567.577633793,4850245.894230541
12957567.577633793,4850245.894230541
12957567.577633793,4850245.894230541
12957567.577633793,4850245.894230541
12957550.879710173,4850250.246866701
12957520.823447658,4850242.992474165
12957464.050507355,4850244.443352248
12957374.99491472,4850247.34510905
12957340.485872574,4850242.992474165
12957290.392101718,4850237.188963944
12957262.562229019,4850248.795987769
12957210.242068347,4850238.63984118
12957173.506636385,4850231.385457109
12957086.677433565,4850218.327579116
12957064.413535409,4850213.974956927
12957069.979509948,4850208.171463643
12957095.58299283,4850209.622336646
12957121.186475711,4850212.524083288
12957163.487882212,4850215.42583078
12957194.657339636,4850215.42583078
12957254.769864663,4850229.934580931
12957260.335839203,4850225.5819536615
12957258.109449387,4850221.2293283
12957258.109449387,4850221.2293283
12957260.335839203,4850221.2293283
12957299.297660982,4850219.7784536
12957343.8254573,4850225.5819536615
12957415.069931407,4850232.836333498
12957524.163032385,4850241.541596291
12957544.200540727,4850245.894230541
12957553.106099991,4850250.246866701
12957553.106099991,4850250.246866701
12957553.106099991,4850248.795987769
12957554.219294898,4850248.795987769
12957562.011659253,4850258.95214473
12957562.011659253,4850258.95214473
12957557.558879621,4850282.166256734
12957557.558879621,4850282.166256734
12957553.106099991,4850341.652666078
12957553.106099991,4850385.179532495
12957564.23804907,4850433.059305596
12957568.690828701,4850447.568373259
12957562.011659253,4850459.175642632
12957556.445684714,4850451.921097688
12957555.332489805,4850451.921097688
12957554.219294898,4850451.921097688
12957553.106099991,4850450.470189333
12957553.106099991,4850449.019281191
12957553.106099991,4850449.019281191
12957553.106099991,4850449.019281191
12957551.992905082,4850449.019281191
12957553.106099991,4850449.019281191
12957551.992905082,4850449.019281191
12957551.992905082,4850449.019281191
12957551.992905082,4850449.019281191
12957551.992905082,4850449.019281191
12957551.992905082,4850449.019281191
12957555.332489805,4850447.568373259
12957565.351243977,4850450.470189333
12957563.124854162,4850447.568373259
12957554.219294898,4850402.590332404
12957557.558879621,4850292.322447776
12957562.011659253,4850253.148625195
12957550.879710173,4850190.761004099
12957540.860956002,4850164.645371938
12957481.861625882,4850148.685852711
12957337.146287851,4850131.27549731
12957281.486542452,4850116.766891092
12957193.544144727,4850093.553165167
12957134.544814607,4850077.593760021
12957076.658679394,4850060.183529075
12957068.866315039,4850060.183529075
12957059.960755777,4850061.634380492
12957059.960755777,4850061.634380492
12957059.960755777,4850061.634380492
12957059.960755777,4850061.634380492
12957058.847560866,4850061.634380492
12957058.847560866,4850061.634380492
12957058.847560866,4850061.634380492
12957058.847560866,4850061.634380492
12957058.847560866,4850061.634380492
12957058.847560866,4850061.634380492
12957058.847560866,4850061.634380492
12957058.847560866,4850061.634380492
12957058.847560866,4850061.634380492
12957058.847560866,4850061.634380492
12957058.847560866,4850061.634380492
12957058.847560866,4850061.634380492
12957063.3003405,4850045.6750265695
12957063.3003405,4850045.6750265695
12957104.488552094,4850054.380125535
12957104.488552094,4850054.380125535
12957284.826127179,4850106.610879334
12957379.447694354,4850116.766891092
12957442.899804104,4850124.021191554
12957526.3894222,4850119.668610643
12957579.82277778,4850116.766891092
12957661.08600606,4850121.119470733
12957711.179776916,4850126.922913223
12957741.236039432,4849977.485348296
12957744.575624155,4849842.558213794
12957745.68881906,4849793.230471019
12957747.91520888,4849711.985310356
12957749.028403787,4849697.477315792
12957749.028403787,4849696.026517498
12957749.028403787,4849696.026517498
12957749.028403787,4849696.026517498
12957745.68881906,4849703.28051108
12957743.462429248,4849714.886911809
12957737.896454709,4849807.7386052655
12957736.7832598,4849870.1238236725
12957739.009649616,4849965.87864111
12957741.236039432,4850025.363158616
12957750.141598692,4850097.90573465
12957785.763835749,4850106.610879334
12957870.366648749,4850118.217750761
12957924.913199238,4850121.119470733
12958003.950037703,4850132.726359098
12958055.157003468,4850132.726359098
12958195.419561869,4850144.333261004
12958228.815409105,4850147.234988598
12958234.381383644,4850145.784124698
12958243.286942909,4850126.922913223
12958243.286942909,4850126.922913223
12958243.286942909,4850126.922913223
12958243.286942909,4850126.922913223
12958243.286942909,4850126.922913223
12958243.286942909,4850126.922913223
12958243.286942909,4850128.373774372
12958243.286942909,4850128.373774372
12958243.286942909,4850132.726359098
12958266.664035976,4850124.021191554
12958323.43697628,4850145.784124698
12958522.698864799,4850183.506654954
12958650.71627921,4850200.917101794
12958735.319092214,4850202.367973742
12958851.091362638,4850206.720590848
12958966.863633065,4850206.720590848
12958966.863633065,4850206.720590848
12958998.033090485,4850237.188963944
12958998.033090485,4850237.188963944
12959010.278234472,4850298.125990166
12959045.900471527,4850348.907130583
12959062.598395146,4850411.295743791
12959068.164369687,4850437.412023671
12959062.598395146,4850482.3902220195
12959033.655327542,4850492.5466175405
12959012.504624289,4850493.997532036
12959012.504624289,4850508.506688605
12959012.504624289,4850509.957605429
12959012.504624289,4850509.957605429
12959023.63657337,4850598.463931836
12959023.63657337,4850598.463931836
12959031.428937726,4850678.265393254
12959031.428937726,4850678.265393254
12959013.6178192,4850641.991922316
12959013.6178192,4850641.991922316
12959013.6178192,4850641.991922316
12959013.6178192,4850641.991922316
12959014.731014106,4850641.991922316
12959014.731014106,4850641.991922316
12959011.391429383,4850641.991922316
12959001.372675212,4850684.069160884
12959000.259480301,4850708.735211096
12958985.787946498,4850826.262525886
12958985.787946498,4850839.32120216
12958964.637243249,4850842.223132554
12958955.731683984,4850821.9096376095
12958959.07126871,4850772.577036925
12958962.410853432,4850739.205122296
12958965.750438156,4850675.363510709
12958972.429607604,4850623.1297697155
12958980.221971959,4850553.485208506
12958982.448361775,4850485.292048254
12958980.221971959,4850287.9697932
12958981.335166868,4850179.154048008
12958988.014336314,4850116.766891092
12958993.580310857,4850034.068239802
12958995.80670067,4849976.034509156
12958993.580310857,4849809.189419851
12958996.919895578,4849700.37891301
12959009.165039567,4849521.932258783
12959018.070598828,4849455.196934233
12959005.82545484,4849394.265072442
12958916.769862209,4849430.53399283
12958836.619828837,4849471.1553406725
12958836.619828837,4849471.1553406725
12958836.619828837,4849471.1553406725
12958836.619828837,4849471.1553406725
12958836.619828837,4849471.1553406725
12958836.619828837,4849471.1553406725
12958836.619828837,4849471.1553406725
12958836.619828837,4849471.1553406725
12958836.619828837,4849471.1553406725
12958836.619828837,4849471.1553406725
12958836.619828837,4849471.1553406725
12958836.619828837,4849471.1553406725
12958836.619828837,4849471.1553406725
12958836.619828837,4849471.1553406725
12958836.619828837,4849471.1553406725
12958836.619828837,4849471.1553406725
12958815.469125586,4849479.859936796
12958783.186473254,4849492.916845265
12958713.055194056,4849516.129169307
12958542.736373141,4849529.186125388
12958474.831483759,4849527.735351645
12958389.115475846,4849519.030713622
12958356.832823517,4849520.481486094
12958349.040459162,4849521.932258783
12958347.927264255,4849521.932258783
12958347.927264255,4849521.932258783
12958273.343205422,4849521.932258783
12958223.249434566,4849514.678397468
12958128.627867391,4849504.523000512
12958061.836172914,4849503.072230367
12957953.856266845,4849504.523000512
12957880.38540292,4849504.523000512
12957782.424251024,4849500.170690707
12957716.745751455,4849500.170690707
12957616.558209743,4849491.466076808
12957543.087345818,4849485.663005107
12957429.54146521,4849472.606106163
12957357.183796193,4849455.196934233
12957253.656669755,4849420.378681787
12957182.412195649,4849389.912810885
12956920.811392283,4849286.909843219
12956872.944011243,4849269.500996311
12956872.944011243,4849270.951732389
12956822.850240387,4849266.5995247895
12956791.680782966,4849262.247319096
12956762.737715356,4849249.1907134345
12956742.700207014,4849227.429742086
12956738.247427383,4849159.24567349
12956739.36062229,4849096.864913775
12956739.36062229,4849096.864913775
12956742.700207014,4849011.273345245
12956742.700207014,4849011.273345245
12956742.700207014,4848957.597652607
12956742.700207014,4848957.597652607
12956747.152986646,4848887.964753233
12956749.379376462,4848838.641744438
12956756.05854591,4848747.249756932
12956757.171740817,4848679.068979803
12956760.511325542,4848584.777185744
12956762.737715356,4848536.906309296
12956762.737715356,4848494.838153505
12956752.718961185,4848471.628212672
12956733.794647751,4848467.276354795
12956732.681452842,4848465.825735925
12956732.681452842,4848465.825735925
12956720.436308857,4848460.023262562
12956675.908512538,4848457.122027149
12956609.116818063,4848462.92449882
12956557.909852296,4848462.92449882
12956484.438988375,4848470.177593165
12956446.590361504,4848473.078832385
12956406.515344819,4848477.430692804
12956397.609785557,4848497.7393999165
12956400.94937028,4848503.54189528
12956403.175760094,4848512.245644666
12956403.175760094,4848513.6962703075
12956403.175760094,4848513.6962703075
12956403.175760094,4848513.6962703075
12956403.175760094,4848513.6962703075
12956403.175760094,4848512.245644666
12956403.175760094,4848512.245644666
12956402.062565187,4848513.6962703075
12956403.175760094,4848513.6962703075
12956403.175760094,4848515.1468961565
12956403.175760094,4848518.048148491
12956402.062565187,4848493.387530617
12956408.741734635,4848410.702375637
12956405.40214991,4848428.1097195735
12956405.40214991,4848429.560332941
12956398.722980464,4848449.868942322
12956397.609785557,4848451.319558866
12956397.609785557,4848451.319558866
12956396.496590648,4848452.770175619
12956396.496590648,4848452.770175619
12956396.496590648,4848452.770175619
12956397.609785557,4848449.868942322
12956418.760488806,4848435.362788535
12956481.099403651,4848474.529452315
12956544.551513402,4848470.177593165
12956625.814741682,4848461.473880587
12956677.02170745,4848458.572644752
12956739.36062229,4848451.319558866
12956746.039791739,4848410.702375637
12956727.115478303,4848325.116711027
12956695.946020883,4848283.049450875
12956689.266851433,4848280.148267075
12956689.266851433,4848280.148267075
12956689.266851433,4848280.148267075
12956689.266851433,4848280.148267075
12956670.342538,4848252.587063197
12956670.342538,4848252.587063197
12956652.53141947,4848217.773020071
12956652.53141947,4848217.773020071
12956634.720300945,4848075.616941766
12956639.173080577,4847900.100504625
12956642.5126653,4847792.761399615
12956636.946690762,4847647.710394964
12956639.173080577,4847507.012941026
12956643.625860209,4847444.642541274
12956646.965444934,4847346.011079267
12956649.191834748,4847283.641688817
12956560.136242116,4847245.930154033
12956476.64662402,4847243.0292726625
12955948.99223766,4847206.768326895
12955793.144950548,4847193.714418772
12955730.806035703,4847190.813552624
12955630.61849399,4847187.912687323
12955563.826799514,4847177.759665434
12955453.620503629,4847170.507513285
12955380.149639705,4847167.606653904
12955273.282928543,4847158.904080838
12955205.37803916,4847147.300661927
12955108.53008217,4847124.093864695
12954938.211261254,4847106.688802297
12954866.966787148,4847097.9862825135
12954105.541470122,4847026.915989207
12954101.08869049,4847022.5647632545
12954101.08869049,4847022.5647632545
12954102.201885398,4847022.5647632545
12954102.201885398,4847021.114355027
12954102.201885398,4847022.5647632545
12954102.201885398,4847022.5647632545
12954102.201885398,4847022.5647632545
12954102.201885398,4847022.5647632545
12954102.201885398,4847022.5647632545
12954084.390766872,4847021.114355027
12954024.278241845,4847018.213539203
12953966.39210663,4847012.411910092
12953868.430954732,4846999.358256964
12953802.752455166,4846993.556638848
12953704.791303268,4846981.9534127675
12953635.773218974,4846973.251002085
12953528.906507812,4846961.647799681
12953456.548838798,4846957.2966022715
12953354.134907268,4846954.395805053
12953295.135577146,4846955.846203557
12953203.853594698,4846954.395805053
12953142.62787476,4846948.594213153
12953060.251451572,4846941.342228039
12953025.742409427,4846938.441435476
12953000.138926545,4846939.891831652
12952996.799341822,4846947.143815709
12952996.799341822,4846947.143815709
12952996.799341822,4846947.143815709
12952996.799341822,4846947.143815709
12952996.799341822,4846947.143815709
12952996.799341822,4846947.143815709
12952985.66739274,4846941.342228039
12952912.196528818,4846897.830428348
12952909.970139002,4846855.769202852
12952911.08333391,4846794.853260465
12952915.536113542,4846764.395429126
12952922.21528299,4846722.334767693
12952917.762503358,4846702.029684426
12952917.762503358,4846702.029684426
12952917.762503358,4846702.029684426
12952923.328477899,4846651.267157555
12952928.894452438,4846601.955236572
12952932.23403716,4846522.186470036
12952933.34723207,4846471.424860645
12952936.686816793,4846403.259678247
12952935.573621884,4846381.504931096
12952937.8000117,4846369.902418729
12952937.8000117,4846371.352732037
12952937.8000117,4846371.352732037
12952937.8000117,4846371.352732037
12952936.686816793,4846371.352732037
12952936.686816793,4846371.352732037
12952935.573621884,4846372.803045557
12952935.573621884,4846372.803045557
12952932.23403716,4846372.803045557
12952934.460426977,4846367.001792755
12952933.34723207,4846352.4986755485
12952935.573621884,4846288.685210975
12952935.573621884,4846264.030118352
12952936.686816793,4846233.5739118075
12952940.026401516,4846172.661778364
12952940.026401516,4846113.2002934655
12952948.931960782,4845946.419975657
12952948.931960782,4845940.618971429
12952948.931960782,4845940.618971429
12952951.158350594,4845869.556944069
12952953.384740414,4845812.997733947
12952958.950714953,4845723.083753938
12952958.950714953,4845657.824115956
12952964.516689492,4845583.863710254
12952966.743079308,4845427.2434891015
12952966.743079308,4845427.2434891015
12952966.743079308,4845428.69366503
12952962.290299674,4845408.39122128
12952968.969469124,4845346.033974442
12952966.743079308,4845298.178677897
12952965.629884398,4845259.024515523
12952966.743079308,4845257.574364317
12952967.856274214,4845182.166792896
12952970.08266403,4845086.458005818
12952972.309053848,4845006.701386324
12952977.875028385,4844874.741837643
12952978.988223296,4844799.337166789
12952982.327808019,4844686.231231647
12952985.66739274,4844602.127651567
12952989.006977467,4844475.973613938
12952993.459757099,4844388.971760974
12952997.91253673,4844274.420481059
12952996.799341822,4844194.670368377
12952994.572952006,4844127.970764815
12952962.290299674,4844161.3205107255
12953004.591706177,4844100.421058989
12953004.591706177,4844100.421058989
12953004.591706177,4844100.421058989
12953004.591706177,4844100.421058989
12953004.591706177,4844100.421058989
12953004.591706177,4844100.421058989
12952996.799341822,4844093.171149079
12953036.874358507,4844085.921244447
12953086.968129365,4844080.121324544
12953222.777908133,4844074.321408019
12953304.04113641,4844071.421451028
12953357.474491993,4844072.871429418
12953435.398135548,4844071.421451028
12953435.398135548,4844071.421451028
12953481.039126772,4844071.421451028
12953481.039126772,4844071.421451028
12953545.604431434,4844069.971472845
12953585.679448118,4844068.521494878
12953616.84890554,4844065.621539573
12953604.603761552,4844097.521094395
12953600.150981922,4844106.220990721
12953600.150981922,4844106.220990721
12953600.150981922,4844106.220990721
12953600.150981922,4844106.220990721
12953600.150981922,4844104.771007473
12953600.150981922,4844104.771007473
12953600.150981922,4844104.771007473
12953604.603761552,4844101.871041607
12953635.773218974,4844093.171149079
12953682.527405106,4844087.371224949
12953709.244082898,4844081.571304204
12953768.243413018,4844078.671345098
12953768.243413018,4844078.671345098
12953820.563573692,4844074.321408019
12953907.392776508,4844069.971472845
12953968.618496446,4844067.071517118
12954229.106104905,4844029.3721695505
12954232.445689626,4844027.922197493
12954232.445689626,4844027.922197493
12954248.030418336,4844035.172059881
12954271.407511402,4844040.971953593
12954330.406841524,4844040.971953593
12954380.500612382,4844040.971953593
12954460.650645752,4844040.971953593
12954510.74441661,4844042.421927552
12954531.89511986,4844048.221825485
12954538.574289309,4844029.3721695505
12954538.574289309,4844029.3721695505
12954538.574289309,4844029.3721695505
12954537.4610944,4844030.822141815
12954553.04582311,4844036.622032993
12954597.573619427,4844039.521979851
12954645.441000469,4844048.221825485
12954714.45908476,4844043.871901716
12954746.741737092,4844036.622032993
12954801.28828758,4844029.3721695505
12954841.363304267,4844022.122311384
12955414.658681853,4843598.739752903
12955412.432292037,4843542.193445566
12955404.639927682,4843265.266168595
12955414.658681853,4843262.366447289
12955423.564241115,4843253.667288432
12955423.564241115,4843253.667288432
12955424.677436024,4843256.567007205
12955423.564241115,4843259.466726824
12955422.451046208,4843262.366447289
12955423.564241115,4843262.366447289
12955423.564241115,4843260.916586949
12955423.564241115,4843260.916586949
12955423.564241115,4843260.916586949
12955423.564241115,4843262.366447289
12955455.846893445,4843269.615752139
12955490.35593559,4843269.615752139
12955578.298333317,4843275.415199822
12955666.240731044,4843276.865062269
12955733.03242552,4843281.214650881
12955834.333162142,4843279.764787801
12955898.898466803,4843279.764787801
12955994.633228885,4843273.965337582
12956054.745753912,4843275.415199822
12956212.819430841,4843281.214650881
12956311.893777644,4843289.913833808
12956376.459082305,4843295.713293318
12956468.854259664,4843297.16315872
12956522.287615245,4843298.613024339
12956554.570267573,4843256.567007205
12956557.909852296,4843207.271902926
12956550.117487941,4843146.378287584
12956550.117487941,4843124.630658085
12956553.457072666,4843070.986708451
12956554.570267573,4843021.692523097
12956555.683462482,4842937.603005528
12956559.023047205,4842886.8596747555
12956557.909852296,4842850.61459684
12956559.023047205,4842815.8194461875
12956560.136242116,4842791.172954717
12956562.362631932,4842725.932536521
12956565.702216655,4842670.840960761
12956569.041801376,4842628.797594885
12956567.928606467,4842601.25203765
12956574.607775915,4842540.362128923
12956576.834165731,4842493.970067468
12956577.947360639,4842412.784480074
12956577.947360639,4842359.144365888
12956577.947360639,4842359.144365888
12956577.947360639,4842283.75874793
12956577.947360639,4842283.75874793
12956577.947360639,4842253.31471786
12956579.060555547,4842219.971363167
12956584.626530087,4842201.125168604
12956610.230012972,4842201.125168604
12956690.380046343,4842224.320490055
12956718.209919041,4842228.669618845
12956761.624520449,4842208.373700751
12956796.133562595,4842189.527528143
12956850.680113085,4842151.835289937
12956934.169731177,4842096.746890771
12956953.094044615,4842089.498439889
12956956.433629338,4842086.599061012
12956957.546824247,4842085.149371889
12956957.546824247,4842086.599061012
12956956.433629338,4842086.599061012
12956956.433629338,4842086.599061012
12956956.433629338,4842086.599061012
12956955.32043443,4842086.599061012
12956955.32043443,4842086.599061012
12956955.32043443,4842086.599061012
12956955.32043443,4842086.599061012
12956955.32043443,4842086.599061012
12956956.433629338,4842085.149371889
12956985.376696944,4842072.102179294
12957020.998933997,4842060.504689122
12957064.413535409,4842046.007845397
12957078.88506921,4842053.256264622
12957083.337848842,4842051.806580354
12957083.337848842,4842051.806580354
12957083.337848842,4842051.806580354
12957082.224653935,4842051.806580354
12957082.224653935,4842051.806580354
12957082.224653935,4842051.806580354
12957081.111459026,4842053.256264622
12957081.111459026,4842053.256264622
12957081.111459026,4842053.256264622
12957081.111459026,4842053.256264622
12957081.111459026,4842053.256264622
12957081.111459026,4842053.256264622
12957081.111459026,4842053.256264622
12957082.224653935,4842048.907212458
12957073.319094671,4842050.356896301
12957053.281586329,4842075.001553954
12957053.281586329,4842117.042581319
12957048.828806695,4842208.373700751
12957046.602416879,4842275.060444124
12957043.262832155,4842380.890323297
12957037.696857618,4842596.902746104
12957037.696857618,4842596.902746104
12957069.979509948,4842602.701801919
12957069.979509948,4842602.701801919
12957095.58299283,4842605.60133109
12957095.58299283,4842605.60133109
12957133.431619698,4842607.051095996
12957153.46912804,4842604.151566398
12957162.374687307,4842599.802273589
12957162.374687307,4842628.797594885
12957159.035102583,4842621.548756645
12957150.12954332,4842599.802273589
12957150.12954332,4842599.802273589
12957150.12954332,4842599.802273589
12957150.12954332,4842599.802273589
12957150.12954332,4842599.802273589
12957150.12954332,4842601.25203765
12957150.12954332,4842601.25203765
12957150.12954332,4842601.25203765
12957150.12954332,4842601.25203765
12957150.12954332,4842601.25203765
12957150.12954332,4842601.25203765
12957150.12954332,4842602.701801919
12957151.242738225,4842602.701801919
12957151.242738225,4842602.701801919
12957151.242738225,4842602.701801919
12957151.242738225,4842602.701801919
12957151.242738225,4842604.151566398
12957151.242738225,4842604.151566398
12957151.242738225,4842604.151566398
12957151.242738225,4842604.151566398
12957151.242738225,4842605.60133109
12957151.242738225,4842605.60133109
12957151.242738225,4842607.051095996
12957150.12954332,4842607.051095996
12957150.12954332,4842607.051095996
12957150.12954332,4842608.500861112
12957150.12954332,4842608.500861112
12957150.12954332,4842608.500861112
12957150.12954332,4842608.500861112
12957150.12954332,4842609.950626437
12957150.12954332,4842609.950626437
12957150.12954332,4842611.400391972
12957150.12954332,4842611.400391972
12957150.12954332,4842612.850157722
12957150.12954332,4842612.850157722
12957150.12954332,4842614.299923683
12957149.016348412,4842614.299923683
12957149.016348412,4842614.299923683
12957149.016348412,4842615.749689852
12957149.016348412,4842615.749689852
12957149.016348412,4842615.749689852
12957149.016348412,4842615.749689852
12957149.016348412,4842617.199456231
12957149.016348412,4842617.199456231
12957149.016348412,4842617.199456231
12957149.016348412,4842617.199456231
12957149.016348412,4842617.199456231
12957149.016348412,4842617.199456231
12957149.016348412,4842617.199456231
12957149.016348412,4842617.199456231
12957149.016348412,4842617.199456231
12957149.016348412,4842617.199456231
12957149.016348412,4842617.199456231
12957149.016348412,4842617.199456231
12957149.016348412,4842617.199456231
12957149.016348412,4842617.199456231
12957149.016348412,4842617.199456231
12957149.016348412,4842617.199456231
12957149.016348412,4842617.199456231
12957149.016348412,4842618.649222823
12957149.016348412,4842618.649222823
12957149.016348412,4842618.649222823
12957149.016348412,4842618.649222823
12957149.016348412,4842618.649222823
12957149.016348412,4842618.649222823
12957149.016348412,4842618.649222823
12957149.016348412,4842618.649222823
12957149.016348412,4842618.649222823
12957149.016348412,4842618.649222823
12957149.016348412,4842618.649222823
12957149.016348412,4842618.649222823
12957149.016348412,4842618.649222823
12957149.016348412,4842618.649222823
12957149.016348412,4842618.649222823
12957149.016348412,4842618.649222823
12957149.016348412,4842618.649222823
12957149.016348412,4842618.649222823
12957149.016348412,4842618.649222823
12957149.016348412,4842618.649222823
12957149.016348412,4842618.649222823
12957149.016348412,4842618.649222823
12957149.016348412,4842618.649222823
12957149.016348412,4842618.649222823
12957149.016348412,4842618.649222823
12957149.016348412,4842618.649222823
12957149.016348412,4842618.649222823
12957149.016348412,4842618.649222823
12957149.016348412,4842618.649222823
12957150.12954332,4842618.649222823
12957150.12954332,4842618.649222823
12957150.12954332,4842618.649222823
12957150.12954332,4842618.649222823
12957150.12954332,4842618.649222823
12957150.12954332,4842618.649222823
12957150.12954332,4842618.649222823
12957150.12954332,4842618.649222823
12957150.12954332,4842620.098989627
12957150.12954332,4842620.098989627
12957150.12954332,4842620.098989627
12957150.12954332,4842621.548756645
12957150.12954332,4842621.548756645
12957150.12954332,4842621.548756645
12957150.12954332,4842621.548756645
12957150.12954332,4842622.99852387
12957150.12954332,4842622.99852387
12957150.12954332,4842622.99852387
12957150.12954332,4842622.99852387
12957150.12954332,4842624.448291305
12957150.12954332,4842624.448291305
12957150.12954332,4842624.448291305
12957150.12954332,4842624.448291305
12957150.12954332,4842624.448291305
12957150.12954332,4842624.448291305
12957150.12954332,4842624.448291305
12957150.12954332,4842624.448291305
12957151.242738225,4842624.448291305
12957151.242738225,4842624.448291305
12957151.242738225,4842624.448291305
12957151.242738225,4842624.448291305
12957150.12954332,4842625.898058955
12957150.12954332,4842625.898058955
12957150.12954332,4842625.898058955
12957150.12954332,4842625.898058955
12957150.12954332,4842625.898058955
12957150.12954332,4842627.347826816
12957150.12954332,4842627.347826816
12957150.12954332,4842627.347826816
12957150.12954332,4842627.347826816
12957150.12954332,4842627.347826816
12957150.12954332,4842627.347826816
12957150.12954332,4842627.347826816
12957150.12954332,4842627.347826816
12957150.12954332,4842627.347826816
12957150.12954332,4842627.347826816
12957150.12954332,4842628.797594885
12957150.12954332,4842628.797594885
12957150.12954332,4842628.797594885
12957150.12954332,4842628.797594885
12957150.12954332,4842628.797594885
12957150.12954332,4842628.797594885
12957150.12954332,4842628.797594885
12957150.12954332,4842628.797594885
12957150.12954332,4842628.797594885
12957150.12954332,4842630.247363164
12957150.12954332,4842630.247363164
12957150.12954332,4842628.797594885
12957150.12954332,4842628.797594885
12957150.12954332,4842628.797594885
12957150.12954332,4842628.797594885
12957150.12954332,4842628.797594885
12957150.12954332,4842630.247363164
12957150.12954332,4842630.247363164
12957150.12954332,4842630.247363164
12957150.12954332,4842630.247363164
12957150.12954332,4842630.247363164
12957150.12954332,4842630.247363164
12957150.12954332,4842630.247363164
12957150.12954332,4842630.247363164
12957150.12954332,4842630.247363164
12957150.12954332,4842630.247363164
12957150.12954332,4842630.247363164
12957150.12954332,4842630.247363164
12957150.12954332,4842630.247363164
12957150.12954332,4842630.247363164
12957150.12954332,4842630.247363164
12957150.12954332,4842630.247363164
12957150.12954332,4842630.247363164
12957150.12954332,4842631.697131655
12957150.12954332,4842631.697131655
12957150.12954332,4842631.697131655
12957150.12954332,4842631.697131655
12957150.12954332,4842631.697131655
12957150.12954332,4842631.697131655
12957150.12954332,4842631.697131655
12957150.12954332,4842631.697131655
12957150.12954332,4842631.697131655
12957150.12954332,4842631.697131655
12957150.12954332,4842631.697131655
12957150.12954332,4842631.697131655
12957150.12954332,4842631.697131655
12957150.12954332,4842631.697131655
12957150.12954332,4842631.697131655
12957150.12954332,4842631.697131655
12957150.12954332,4842631.697131655
12957150.12954332,4842633.146900361
12957150.12954332,4842633.146900361
12957150.12954332,4842633.146900361
12957150.12954332,4842633.146900361
12957150.12954332,4842633.146900361
12957150.12954332,4842633.146900361
12957150.12954332,4842633.146900361
12957150.12954332,4842633.146900361
12957150.12954332,4842633.146900361
12957150.12954332,4842633.146900361
12957150.12954332,4842633.146900361
12957150.12954332,4842633.146900361
12957150.12954332,4842633.146900361
12957150.12954332,4842633.146900361
12957150.12954332,4842634.596669278
12957150.12954332,4842634.596669278
12957150.12954332,4842634.596669278
12957150.12954332,4842634.596669278
12957150.12954332,4842634.596669278
12957150.12954332,4842634.596669278
12957150.12954332,4842634.596669278
12957150.12954332,4842634.596669278
12957150.12954332,4842634.596669278
12957150.12954332,4842634.596669278
12957150.12954332,4842634.596669278
12957150.12954332,4842634.596669278
12957150.12954332,4842636.046438402
12957150.12954332,4842636.046438402
12957150.12954332,4842636.046438402
12957150.12954332,4842636.046438402
12957150.12954332,4842636.046438402
12957150.12954332,4842636.046438402
12957150.12954332,4842636.046438402
12957150.12954332,4842636.046438402
12957150.12954332,4842636.046438402
12957150.12954332,4842636.046438402
12957150.12954332,4842636.046438402
12957150.12954332,4842636.046438402
12957150.12954332,4842636.046438402
12957150.12954332,4842636.046438402
12957150.12954332,4842636.046438402
12957150.12954332,4842636.046438402
12957150.12954332,4842637.496207737
12957150.12954332,4842637.496207737
12957150.12954332,4842637.496207737
12957150.12954332,4842637.496207737
12957150.12954332,4842637.496207737
12957150.12954332,4842637.496207737
12957150.12954332,4842637.496207737
12957150.12954332,4842637.496207737
12957150.12954332,4842637.496207737
12957150.12954332,4842637.496207737
12957150.12954332,4842637.496207737
12957150.12954332,4842637.496207737
12957150.12954332,4842637.496207737
12957150.12954332,4842638.945977287
12957150.12954332,4842638.945977287
12957150.12954332,4842638.945977287
12957150.12954332,4842638.945977287
12957150.12954332,4842638.945977287
12957150.12954332,4842638.945977287
12957150.12954332,4842638.945977287
12957150.12954332,4842638.945977287
12957150.12954332,4842638.945977287
12957150.12954332,4842638.945977287
12957150.12954332,4842638.945977287
12957150.12954332,4842638.945977287
12957150.12954332,4842638.945977287
12957150.12954332,4842638.945977287
12957150.12954332,4842638.945977287
12957150.12954332,4842638.945977287
12957150.12954332,4842638.945977287
12957150.12954332,4842640.39574705
12957150.12954332,4842640.39574705
12957150.12954332,4842640.39574705
12957150.12954332,4842640.39574705
12957150.12954332,4842640.39574705
12957150.12954332,4842640.39574705
12957150.12954332,4842640.39574705
12957150.12954332,4842638.945977287
12957150.12954332,4842638.945977287
12957151.242738225,4842638.945977287
12957151.242738225,4842638.945977287
12957151.242738225,4842638.945977287
12957151.242738225,4842638.945977287
12957151.242738225,4842638.945977287
12957151.242738225,4842638.945977287
12957151.242738225,4842638.945977287
12957151.242738225,4842638.945977287
12957151.242738225,4842638.945977287
12957151.242738225,4842638.945977287
12957151.242738225,4842638.945977287
12957151.242738225,4842638.945977287
12957151.242738225,4842638.945977287
12957151.242738225,4842638.945977287
12957151.242738225,4842638.945977287
12957151.242738225,4842638.945977287
12957151.242738225,4842638.945977287
12957151.242738225,4842638.945977287
12957151.242738225,4842638.945977287
12957151.242738225,4842638.945977287
12957151.242738225,4842638.945977287
12957151.242738225,4842638.945977287
12957151.242738225,4842638.945977287
12957151.242738225,4842638.945977287
12957151.242738225,4842638.945977287
12957151.242738225,4842638.945977287
12957151.242738225,4842638.945977287
12957151.242738225,4842638.945977287
12957151.242738225,4842638.945977287
12957151.242738225,4842638.945977287
12957151.242738225,4842638.945977287
12957151.242738225,4842638.945977287
12957151.242738225,4842638.945977287
12957151.242738225,4842638.945977287
12957151.242738225,4842638.945977287
12957151.242738225,4842638.945977287
12957151.242738225,4842638.945977287
12957151.242738225,4842640.39574705
12957151.242738225,4842638.945977287
12957151.242738225,4842638.945977287
12957152.355933135,4842638.945977287
12957152.355933135,4842638.945977287
12957152.355933135,4842638.945977287
12957152.355933135,4842638.945977287
12957152.355933135,4842638.945977287
12957152.355933135,4842638.945977287
12957152.355933135,4842638.945977287
12957152.355933135,4842638.945977287
12957152.355933135,4842638.945977287
12957152.355933135,4842638.945977287
12957152.355933135,4842638.945977287
12957152.355933135,4842638.945977287
12957152.355933135,4842638.945977287
12957152.355933135,4842638.945977287
12957152.355933135,4842638.945977287
12957152.355933135,4842638.945977287
12957152.355933135,4842638.945977287
12957152.355933135,4842638.945977287
12957152.355933135,4842638.945977287
12957152.355933135,4842638.945977287
12957152.355933135,4842638.945977287
12957152.355933135,4842638.945977287
12957152.355933135,4842638.945977287
12957152.355933135,4842638.945977287
12957152.355933135,4842638.945977287
12957152.355933135,4842638.945977287
12957152.355933135,4842638.945977287
12957152.355933135,4842638.945977287
12957152.355933135,4842638.945977287
12957152.355933135,4842638.945977287
12957152.355933135,4842638.945977287
12957152.355933135,4842638.945977287
12957152.355933135,4842638.945977287
12957152.355933135,4842638.945977287
12957152.355933135,4842638.945977287
12957152.355933135,4842638.945977287
12957152.355933135,4842638.945977287
12957152.355933135,4842638.945977287
12957152.355933135,4842638.945977287
12957152.355933135,4842638.945977287
12957152.355933135,4842638.945977287
12957152.355933135,4842638.945977287
12957152.355933135,4842638.945977287
12957152.355933135,4842638.945977287
12957152.355933135,4842638.945977287
12957152.355933135,4842638.945977287
12957152.355933135,4842638.945977287
12957152.355933135,4842638.945977287
12957152.355933135,4842638.945977287
12957152.355933135,4842638.945977287
12957152.355933135,4842638.945977287
12957152.355933135,4842638.945977287
12957152.355933135,4842638.945977287
12957152.355933135,4842638.945977287
12957152.355933135,4842638.945977287
12957152.355933135,4842638.945977287
12957152.355933135,4842638.945977287
12957152.355933135,4842638.945977287
12957152.355933135,4842638.945977287
12957152.355933135,4842638.945977287
12957152.355933135,4842638.945977287
12957152.355933135,4842638.945977287
12957152.355933135,4842638.945977287
12957152.355933135,4842638.945977287
12957152.355933135,4842638.945977287
12957152.355933135,4842638.945977287
12957152.355933135,4842638.945977287
12957152.355933135,4842638.945977287
12957152.355933135,4842638.945977287
12957152.355933135,4842638.945977287
12957152.355933135,4842638.945977287
12957170.167051662,4842640.39574705
12957170.167051662,4842640.39574705
12957170.167051662,4842640.39574705
12957167.940661846,4842644.745057589
12957165.71427203,4842649.094370036
12957163.487882212,4842653.443684382
12957162.374687307,4842654.893456253
12957162.374687307,4842656.343228332
12957161.261492396,4842657.793000623
12957161.261492396,4842659.24277313
12957160.14829749,4842656.343228332
12957159.035102583,4842647.644599012
12957157.921907675,4842640.39574705
12957156.808712764,4842636.046438402
12957155.695517857,4842630.247363164
12957155.695517857,4842630.247363164
12957155.695517857,4842627.347826816
12957154.582322951,4842622.99852387
12957153.46912804,4842620.098989627
12957153.46912804,4842620.098989627
12957153.46912804,4842617.199456231
12957153.46912804,4842608.500861112
12957152.355933135,4842605.60133109
12957152.355933135,4842604.151566398
12957150.12954332,4842508.467563452
12957149.016348412,4842509.91731421
12957147.903153501,4842515.716319361
12957146.789958593,4842520.065575437
12957145.676763685,4842522.965080545
12957144.56356878,4842527.314339789
12957144.56356878,4842528.764093295
12957144.56356878,4842530.213847012
12957143.45037387,4842531.6636009365
12957143.45037387,4842530.213847012
12957143.45037387,4842530.213847012
12957143.45037387,4842530.213847012
12957143.45037387,4842530.213847012
12957144.56356878,4842528.764093295
12957144.56356878,4842525.864586498
12957144.56356878,4842522.965080545
12957144.56356878,4842521.515327889
12957145.676763685,4842520.065575437
12957145.676763685,4842517.166071177
12957145.676763685,4842517.166071177
12957145.676763685,4842515.716319361
12957145.676763685,4842515.716319361
12957145.676763685,4842515.716319361
12957145.676763685,4842515.716319361
12957145.676763685,4842515.716319361
12957144.56356878,4842515.716319361
12957144.56356878,4842517.166071177
12957144.56356878,4842517.166071177
12957144.56356878,4842518.615823203
12957144.56356878,4842518.615823203
12957144.56356878,4842520.065575437
12957143.45037387,4842520.065575437
12957143.45037387,4842520.065575437
12957143.45037387,4842520.065575437
12957143.45037387,4842521.515327889
12957143.45037387,4842521.515327889
12957149.016348412,4842640.39574705
12957145.676763685,4842605.60133109
12957143.45037387,4842585.304644605
12957143.45037387,4842585.304644605
12957144.56356878,4842596.902746104
12957145.676763685,4842605.60133109
12957144.56356878,4842599.802273589
12957144.56356878,4842599.802273589
12957143.45037387,4842594.003219461
12957143.45037387,4842594.003219461
12957142.337178964,4842585.304644605
12957143.45037387,4842588.204168714
12957142.337178964,4842586.754406556
12957142.337178964,4842578.055838032
12957141.223984053,4842576.606077352
12957142.337178964,4842579.505598923
12957142.337178964,4842580.955360029
12957142.337178964,4842580.955360029
12957142.337178964,4842573.706556622
12957142.337178964,4842570.807036738
12957141.223984053,4842567.907517696
12957141.223984053,4842562.108482148
12957141.223984053,4842560.658723789
12957141.223984053,4842557.759207703
12957141.223984053,4842557.759207703
12957141.223984053,4842557.759207703
12957141.223984053,4842557.759207703
12957141.223984053,4842557.759207703
12957141.223984053,4842557.759207703
12957141.223984053,4842557.759207703
12957141.223984053,4842557.759207703
12957141.223984053,4842557.759207703
12957141.223984053,4842557.759207703
12957141.223984053,4842557.759207703
12957141.223984053,4842557.759207703
12957141.223984053,4842557.759207703
12957141.223984053,4842557.759207703
12957141.223984053,4842557.759207703
12957141.223984053,4842557.759207703
12957141.223984053,4842557.759207703
12957141.223984053,4842557.759207703
12957141.223984053,4842557.759207703
12957141.223984053,4842557.759207703
12957141.223984053,4842557.759207703
12957141.223984053,4842557.759207703
12957141.223984053,4842557.759207703
12957141.223984053,4842557.759207703
12957141.223984053,4842557.759207703
12957141.223984053,4842557.759207703
12957141.223984053,4842557.759207703
12957141.223984053,4842557.759207703
12957141.223984053,4842557.759207703
12957141.223984053,4842557.759207703
12957141.223984053,4842557.759207703
12957134.544814607,4842502.668562525
12957134.544814607,4842502.668562525
12957134.544814607,4842502.668562525
12957134.544814607,4842502.668562525
12957134.544814607,4842504.118312443
12957134.544814607,4842504.118312443
12957134.544814607,4842505.568062567
12957135.658009514,4842505.568062567
12957135.658009514,4842507.017812902
12957135.658009514,4842507.017812902
12957136.771204421,4842518.615823203
12957161.261492396,4842653.443684382
12957166.827466935,4842688.238267539
12957165.71427203,4842688.238267539
12957163.487882212,4842689.688044475
12957162.374687307,4842688.238267539
12957162.374687307,4842685.338714297
12957162.374687307,4842685.338714297
12957162.374687307,4842685.338714297
12957161.261492396,4842685.338714297
12957161.261492396,4842670.840960761
12957161.261492396,4842662.14231877
12957167.940661846,4842663.592091906
12957167.940661846,4842663.592091906
12957167.940661846,4842663.592091906
12957167.940661846,4842663.592091906
12957167.940661846,4842663.592091906
12957167.940661846,4842663.592091906
12957167.940661846,4842663.592091906
12957167.940661846,4842663.592091906
12957167.940661846,4842663.592091906
12957167.940661846,4842663.592091906
12957167.940661846,4842663.592091906
12957167.940661846,4842663.592091906
12957167.940661846,4842663.592091906
12957167.940661846,4842663.592091906
12957167.940661846,4842663.592091906
12957167.940661846,4842663.592091906
12957167.940661846,4842663.592091906
12957167.940661846,4842663.592091906
12957167.940661846,4842663.592091906
12957167.940661846,4842663.592091906
12957167.940661846,4842663.592091906
12957167.940661846,4842663.592091906
12957167.940661846,4842663.592091906
12957167.940661846,4842663.592091906
12957167.940661846,4842663.592091906
12957167.940661846,4842663.592091906
12957167.940661846,4842663.592091906
12957167.940661846,4842663.592091906
12957167.940661846,4842663.592091906
12957167.940661846,4842663.592091906
12957167.940661846,4842663.592091906
12957167.940661846,4842663.592091906
12957167.940661846,4842663.592091906
12957167.940661846,4842663.592091906
12957167.940661846,4842663.592091906
12957167.940661846,4842663.592091906
12957167.940661846,4842663.592091906
12957167.940661846,4842663.592091906
12957167.940661846,4842663.592091906
12957167.940661846,4842663.592091906
12957167.940661846,4842663.592091906
12957167.940661846,4842663.592091906
12957167.940661846,4842663.592091906
12957167.940661846,4842663.592091906
12957167.940661846,4842663.592091906
12957167.940661846,4842663.592091906
12957167.940661846,4842663.592091906
12957167.940661846,4842663.592091906
12957167.940661846,4842663.592091906
12957167.940661846,4842663.592091906
12957167.940661846,4842663.592091906
12957167.940661846,4842663.592091906
12957167.940661846,4842663.592091906
12957167.940661846,4842663.592091906
12957167.940661846,4842663.592091906
12957167.940661846,4842663.592091906
12957167.940661846,4842663.592091906
12957167.940661846,4842663.592091906
12957167.940661846,4842663.592091906
12957167.940661846,4842663.592091906
12957167.940661846,4842663.592091906
12957167.940661846,4842663.592091906
12957167.940661846,4842663.592091906
12957167.940661846,4842663.592091906
12957167.940661846,4842663.592091906
12957167.940661846,4842663.592091906
12957167.940661846,4842663.592091906
12957167.940661846,4842663.592091906
12957167.940661846,4842663.592091906
12957167.940661846,4842663.592091906
12957167.940661846,4842663.592091906
12957167.940661846,4842663.592091906
12957167.940661846,4842663.592091906
12957167.940661846,4842663.592091906
12957167.940661846,4842663.592091906
12957167.940661846,4842663.592091906
12957167.940661846,4842663.592091906
12957167.940661846,4842663.592091906
12957167.940661846,4842663.592091906
12957167.940661846,4842663.592091906
12957167.940661846,4842663.592091906
12957167.940661846,4842663.592091906
12957167.940661846,4842663.592091906
12957167.940661846,4842663.592091906
12957153.46912804,4842662.14231877
12957153.46912804,4842662.14231877
12957154.582322951,4842662.14231877
12957154.582322951,4842657.793000623
12957154.582322951,4842657.793000623
12957154.582322951,4842656.343228332
12957154.582322951,4842656.343228332
12957154.582322951,4842653.443684382
12957154.582322951,4842653.443684382
12957152.355933135,4842653.443684382
12957149.016348412,4842651.993912722
12957147.903153501,4842650.544141272
12957147.903153501,4842649.094370036
12957149.016348412,4842649.094370036
12957150.12954332,4842647.644599012
12957150.12954332,4842647.644599012
12957150.12954332,4842647.644599012
12957149.016348412,4842647.644599012
12957147.903153501,4842646.1948281955
12957147.903153501,4842646.1948281955
12957149.016348412,4842646.1948281955
12957149.016348412,4842646.1948281955
12957149.016348412,4842647.644599012
12957149.016348412,4842647.644599012
12957149.016348412,4842647.644599012
12957149.016348412,4842647.644599012
12957147.903153501,4842647.644599012
12957147.903153501,4842647.644599012
12957146.789958593,4842646.1948281955
12957145.676763685,4842646.1948281955
12957145.676763685,4842646.1948281955
12957144.56356878,4842646.1948281955
12957144.56356878,4842647.644599012
12957143.45037387,4842647.644599012
12957143.45037387,4842647.644599012
12957143.45037387,4842647.644599012
12957143.45037387,4842647.644599012
12957143.45037387,4842647.644599012
12957143.45037387,4842649.094370036
12957142.337178964,4842649.094370036
12957142.337178964,4842649.094370036
12957143.45037387,4842649.094370036
12957142.337178964,4842649.094370036
12957142.337178964,4842649.094370036
12957142.337178964,4842649.094370036
12957141.223984053,4842649.094370036
12957141.223984053,4842650.544141272
12957141.223984053,4842650.544141272
12957140.110789146,4842650.544141272
12957140.110789146,4842650.544141272
12957140.110789146,4842650.544141272
12957140.110789146,4842650.544141272
12957140.110789146,4842650.544141272
12957140.110789146,4842650.544141272
12957140.110789146,4842650.544141272
12957140.110789146,4842650.544141272
12957140.110789146,4842650.544141272
12957138.997594241,4842650.544141272
12957138.997594241,4842650.544141272
12957138.997594241,4842650.544141272
12957138.997594241,4842650.544141272
12957138.997594241,4842650.544141272
12957140.110789146,4842650.544141272
12957140.110789146,4842650.544141272
12957140.110789146,4842650.544141272
12957140.110789146,4842650.544141272
12957140.110789146,4842650.544141272
12957140.110789146,4842650.544141272
12957140.110789146,4842650.544141272
12957138.997594241,4842649.094370036
12957138.997594241,4842649.094370036
12957138.997594241,4842649.094370036
12957138.997594241,4842649.094370036
12957140.110789146,4842649.094370036
12957140.110789146,4842649.094370036
12957140.110789146,4842649.094370036
12957140.110789146,4842649.094370036
12957140.110789146,4842649.094370036
12957140.110789146,4842649.094370036
12957140.110789146,4842649.094370036
12957140.110789146,4842649.094370036
12957140.110789146,4842649.094370036
12957081.111459026,4842592.553456456
12957081.111459026,4842594.003219461
12957081.111459026,4842594.003219461
12957081.111459026,4842594.003219461
12957081.111459026,4842594.003219461
12957081.111459026,4842594.003219461
12957081.111459026,4842594.003219461
12957081.111459026,4842594.003219461
12957081.111459026,4842594.003219461
12957081.111459026,4842594.003219461
12957083.337848842,4842609.950626437
12957081.111459026,4842614.299923683
12957081.111459026,4842614.299923683
12957081.111459026,4842614.299923683
12957081.111459026,4842614.299923683
12957082.224653935,4842614.299923683
12957082.224653935,4842614.299923683
12957082.224653935,4842614.299923683
12957082.224653935,4842614.299923683
12957083.337848842,4842614.299923683
12957083.337848842,4842614.299923683
12957083.337848842,4842614.299923683
12957083.337848842,4842614.299923683
12957084.451043751,4842614.299923683
12957084.451043751,4842614.299923683
12957084.451043751,4842615.749689852
12957084.451043751,4842615.749689852
12957084.451043751,4842615.749689852
12957085.564238658,4842615.749689852
12957085.564238658,4842615.749689852
12957085.564238658,4842615.749689852
12957085.564238658,4842615.749689852
12957085.564238658,4842615.749689852
12957086.677433565,4842615.749689852
12957086.677433565,4842615.749689852
12957086.677433565,4842615.749689852
12957086.677433565,4842615.749689852
12957086.677433565,4842615.749689852
12957086.677433565,4842615.749689852
12957086.677433565,4842615.749689852
12957086.677433565,4842615.749689852
12957086.677433565,4842615.749689852
12957086.677433565,4842615.749689852
12957086.677433565,4842615.749689852
12957086.677433565,4842615.749689852
12957087.790628474,4842615.749689852
12957087.790628474,4842615.749689852
12957087.790628474,4842615.749689852
12957087.790628474,4842615.749689852
12957086.677433565,4842615.749689852
12957086.677433565,4842615.749689852
12957086.677433565,4842615.749689852
12957086.677433565,4842615.749689852
12957086.677433565,4842615.749689852
12957086.677433565,4842615.749689852
12957086.677433565,4842615.749689852
12957086.677433565,4842615.749689852
12957086.677433565,4842615.749689852
12957086.677433565,4842615.749689852
12957086.677433565,4842615.749689852
12957086.677433565,4842615.749689852
12957086.677433565,4842615.749689852
12957086.677433565,4842615.749689852
12957086.677433565,4842615.749689852
12957086.677433565,4842615.749689852
12957086.677433565,4842615.749689852
12957086.677433565,4842615.749689852
12957086.677433565,4842615.749689852
12957086.677433565,4842615.749689852
12957086.677433565,4842615.749689852
12957086.677433565,4842615.749689852
12957086.677433565,4842615.749689852
12957086.677433565,4842615.749689852
12957086.677433565,4842615.749689852
12957086.677433565,4842615.749689852
12957086.677433565,4842615.749689852
12957086.677433565,4842615.749689852
12957086.677433565,4842615.749689852
12957086.677433565,4842615.749689852
12957086.677433565,4842615.749689852
12957086.677433565,4842615.749689852
12957086.677433565,4842615.749689852
12957086.677433565,4842615.749689852
12957086.677433565,4842615.749689852
12957086.677433565,4842615.749689852
12957153.46912804,4842643.295287198
12957153.46912804,4842647.644599012
12957153.46912804,4842647.644599012
12957153.46912804,4842647.644599012
12957153.46912804,4842647.644599012
12957153.46912804,4842647.644599012
12957154.582322951,4842647.644599012
12957154.582322951,4842647.644599012
12957154.582322951,4842647.644599012
12957154.582322951,4842647.644599012
12957154.582322951,4842647.644599012
12957154.582322951,4842647.644599012
12957154.582322951,4842647.644599012
12957154.582322951,4842647.644599012
12957154.582322951,4842649.094370036
12957154.582322951,4842649.094370036
12957155.695517857,4842649.094370036
12957155.695517857,4842649.094370036
12957155.695517857,4842649.094370036
12957155.695517857,4842649.094370036
12957155.695517857,4842649.094370036
12957155.695517857,4842649.094370036
12957155.695517857,4842649.094370036
12957155.695517857,4842649.094370036
12957155.695517857,4842649.094370036
12957155.695517857,4842649.094370036
12957155.695517857,4842649.094370036
12957155.695517857,4842649.094370036
12957155.695517857,4842649.094370036
12957155.695517857,4842649.094370036
12957155.695517857,4842649.094370036
12957155.695517857,4842649.094370036
12957155.695517857,4842649.094370036
12957155.695517857,4842649.094370036
12957155.695517857,4842649.094370036
12957155.695517857,4842649.094370036
12957155.695517857,4842649.094370036
12957155.695517857,4842649.094370036
12957155.695517857,4842649.094370036
12957155.695517857,4842649.094370036
12957155.695517857,4842649.094370036
12957156.808712764,4842649.094370036
12957156.808712764,4842649.094370036
12957156.808712764,4842649.094370036
12957156.808712764,4842649.094370036
12957157.921907675,4842650.544141272
12957157.921907675,4842650.544141272
12957157.921907675,4842650.544141272
12957157.921907675,4842650.544141272
12957157.921907675,4842650.544141272
12957157.921907675,4842650.544141272
12957157.921907675,4842650.544141272
12957157.921907675,4842650.544141272
12957157.921907675,4842650.544141272
12957157.921907675,4842650.544141272
12957157.921907675,4842650.544141272
12957157.921907675,4842650.544141272
12957157.921907675,4842650.544141272
12957157.921907675,4842650.544141272
12957157.921907675,4842650.544141272
12957157.921907675,4842650.544141272
12957157.921907675,4842650.544141272
12957156.808712764,4842650.544141272
12957156.808712764,4842650.544141272
12957156.808712764,4842650.544141272
12957156.808712764,4842650.544141272
12957156.808712764,4842650.544141272
12957156.808712764,4842650.544141272
12957156.808712764,4842650.544141272
12957156.808712764,4842650.544141272
12957156.808712764,4842650.544141272
12957157.921907675,4842651.993912722
12957202.449703991,4842692.587598986
12957202.449703991,4842692.587598986
12957202.449703991,4842692.587598986
12957201.336509082,4842692.587598986
12957200.223314175,4842691.137821625
12957199.110119268,4842689.688044475
12957197.99692436,4842688.238267539
12957197.99692436,4842688.238267539
12957194.657339636,4842686.788490815
12957132.318424791,4842656.343228332
12957132.318424791,4842656.343228332
12957132.318424791,4842656.343228332
12957132.318424791,4842654.893456253
12957133.431619698,4842656.343228332
12957134.544814607,4842656.343228332
12957135.658009514,4842657.793000623
12957135.658009514,4842657.793000623
12957135.658009514,4842657.793000623
12957135.658009514,4842657.793000623
12957136.771204421,4842657.793000623
12957136.771204421,4842657.793000623
12957135.658009514,4842659.24277313
12957135.658009514,4842657.793000623
12957135.658009514,4842657.793000623
12957135.658009514,4842657.793000623
12957136.771204421,4842657.793000623
12957136.771204421,4842659.24277313
12957136.771204421,4842657.793000623
12957136.771204421,4842657.793000623
12957136.771204421,4842657.793000623
12957136.771204421,4842657.793000623
12957136.771204421,4842657.793000623
12957135.658009514,4842657.793000623
12957135.658009514,4842657.793000623
12957135.658009514,4842657.793000623
12957136.771204421,4842657.793000623
12957136.771204421,4842657.793000623
12957137.88439933,4842659.24277313
12957137.88439933,4842659.24277313
12957137.88439933,4842659.24277313
12957137.88439933,4842659.24277313
12957137.88439933,4842659.24277313
12957137.88439933,4842659.24277313
12957137.88439933,4842659.24277313
12957137.88439933,4842659.24277313
12957137.88439933,4842659.24277313
12957137.88439933,4842659.24277313
12957137.88439933,4842659.24277313
12957138.997594241,4842659.24277313
12957138.997594241,4842659.24277313
12957138.997594241,4842659.24277313
12957138.997594241,4842659.24277313
12957140.110789146,4842659.24277313
12957140.110789146,4842659.24277313
12957140.110789146,4842659.24277313
12957140.110789146,4842659.24277313
12957140.110789146,4842659.24277313
12957140.110789146,4842659.24277313
12957140.110789146,4842659.24277313
12957140.110789146,4842657.793000623
12957141.223984053,4842657.793000623
12957141.223984053,4842657.793000623
12957141.223984053,4842657.793000623
12957141.223984053,4842657.793000623
12957141.223984053,4842657.793000623
12957141.223984053,4842657.793000623
12957141.223984053,4842657.793000623
12957141.223984053,4842657.793000623
12957141.223984053,4842657.793000623
12957142.337178964,4842657.793000623
12957142.337178964,4842657.793000623
12957142.337178964,4842657.793000623
12957142.337178964,4842657.793000623
12957142.337178964,4842657.793000623
12957142.337178964,4842657.793000623
12957142.337178964,4842657.793000623
12957142.337178964,4842657.793000623
12957142.337178964,4842657.793000623
12957142.337178964,4842657.793000623
12957142.337178964,4842657.793000623
12957142.337178964,4842657.793000623
12957142.337178964,4842657.793000623
12957142.337178964,4842657.793000623
12957142.337178964,4842657.793000623
12957143.45037387,4842657.793000623
12957143.45037387,4842657.793000623
12957143.45037387,4842657.793000623
12957143.45037387,4842657.793000623
12957143.45037387,4842657.793000623
12957143.45037387,4842657.793000623
12957143.45037387,4842657.793000623
12957143.45037387,4842657.793000623
12957143.45037387,4842657.793000623
12957143.45037387,4842657.793000623
12957143.45037387,4842657.793000623
12957143.45037387,4842657.793000623
12957143.45037387,4842657.793000623
12957143.45037387,4842657.793000623
12957143.45037387,4842657.793000623
12957143.45037387,4842657.793000623
12957143.45037387,4842657.793000623
12957143.45037387,4842657.793000623
12957144.56356878,4842657.793000623
12957144.56356878,4842657.793000623
12957144.56356878,4842657.793000623
12957144.56356878,4842657.793000623
12957144.56356878,4842657.793000623
12957144.56356878,4842657.793000623
12957144.56356878,4842657.793000623
12957144.56356878,4842657.793000623
12957144.56356878,4842657.793000623
12957144.56356878,4842657.793000623
12957144.56356878,4842657.793000623
12957144.56356878,4842657.793000623
12957144.56356878,4842657.793000623
12957144.56356878,4842657.793000623
12957145.676763685,4842657.793000623
12957145.676763685,4842657.793000623
12957145.676763685,4842657.793000623
12957145.676763685,4842657.793000623
12957145.676763685,4842657.793000623
12957145.676763685,4842657.793000623
12957145.676763685,4842657.793000623
12957145.676763685,4842657.793000623
12957145.676763685,4842657.793000623
12957145.676763685,4842657.793000623
12957145.676763685,4842657.793000623
12957145.676763685,4842657.793000623
12957145.676763685,4842657.793000623
12957145.676763685,4842656.343228332
12957145.676763685,4842656.343228332
12957145.676763685,4842656.343228332
12957145.676763685,4842656.343228332
12957145.676763685,4842656.343228332
12957145.676763685,4842656.343228332
12957145.676763685,4842656.343228332
12957145.676763685,4842656.343228332
12957145.676763685,4842656.343228332
12957146.789958593,4842656.343228332
12957146.789958593,4842656.343228332
12957146.789958593,4842656.343228332
12957146.789958593,4842656.343228332
12957146.789958593,4842656.343228332
12957146.789958593,4842656.343228332
12957146.789958593,4842656.343228332
12957146.789958593,4842656.343228332
12957146.789958593,4842656.343228332
12957146.789958593,4842656.343228332
12957146.789958593,4842656.343228332
12957146.789958593,4842656.343228332
12957146.789958593,4842656.343228332
12957146.789958593,4842656.343228332
12957146.789958593,4842656.343228332
12957146.789958593,4842656.343228332
12957146.789958593,4842656.343228332
12957146.789958593,4842656.343228332
12957146.789958593,4842656.343228332
12957146.789958593,4842656.343228332
12957146.789958593,4842656.343228332
12957146.789958593,4842656.343228332
12957146.789958593,4842656.343228332
12957147.903153501,4842656.343228332
12957147.903153501,4842656.343228332
12957147.903153501,4842656.343228332
12957147.903153501,4842656.343228332
12957147.903153501,4842656.343228332
12957147.903153501,4842656.343228332
12957147.903153501,4842656.343228332
12957147.903153501,4842656.343228332
12957147.903153501,4842656.343228332
12957147.903153501,4842656.343228332
12957147.903153501,4842656.343228332
12957147.903153501,4842656.343228332
12957147.903153501,4842656.343228332
12957147.903153501,4842656.343228332
12957147.903153501,4842656.343228332
12957147.903153501,4842656.343228332
12957147.903153501,4842656.343228332
12957149.016348412,4842656.343228332
12957149.016348412,4842656.343228332
12957149.016348412,4842656.343228332
12957149.016348412,4842656.343228332
12957149.016348412,4842656.343228332
12957149.016348412,4842656.343228332
12957149.016348412,4842656.343228332
12957149.016348412,4842656.343228332
12957149.016348412,4842656.343228332
12957149.016348412,4842656.343228332
12957149.016348412,4842656.343228332
12957149.016348412,4842656.343228332
12957149.016348412,4842656.343228332
12957149.016348412,4842656.343228332
12957149.016348412,4842656.343228332
12957149.016348412,4842656.343228332
12957149.016348412,4842656.343228332
12957149.016348412,4842656.343228332
12957149.016348412,4842656.343228332
12957149.016348412,4842656.343228332
12957204.676093807,4842750.578866479
12957199.110119268,4842740.430370284
12957199.110119268,4842740.430370284
12957199.110119268,4842740.430370284
12957199.110119268,4842740.430370284
12957167.940661846,4842676.640059639
12957167.940661846,4842676.640059639
12957169.053856755,4842678.08983489
12957169.053856755,4842678.08983489
12957169.053856755,4842678.08983489
12957169.053856755,4842678.08983489
12957169.053856755,4842678.08983489
12957169.053856755,4842678.08983489
12957170.167051662,4842679.539610351
12957170.167051662,4842680.98938602
12957171.280246567,4842682.4391619
12957170.167051662,4842680.98938602
12957170.167051662,4842679.539610351
12957169.053856755,4842678.08983489
12957167.940661846,4842678.08983489
12957167.940661846,4842676.640059639
12957167.940661846,4842675.190284603
12957166.827466935,4842675.190284603
12957166.827466935,4842675.190284603
12957166.827466935,4842675.190284603
12957166.827466935,4842673.74050978
12957166.827466935,4842673.74050978
12957166.827466935,4842673.74050978
12957166.827466935,4842673.74050978
12957165.71427203,4842672.290735163
12957165.71427203,4842672.290735163
12957165.71427203,4842672.290735163
12957165.71427203,4842672.290735163
12957165.71427203,4842672.290735163
12957165.71427203,4842670.840960761
12957165.71427203,4842670.840960761
12957165.71427203,4842670.840960761
12957165.71427203,4842670.840960761
12957165.71427203,4842670.840960761
12957164.601077123,4842670.840960761
12957164.601077123,4842669.391186566
12957164.601077123,4842669.391186566
12957164.601077123,4842669.391186566
12957164.601077123,4842667.941412586
12957164.601077123,4842667.941412586
12957164.601077123,4842666.491638817
12957163.487882212,4842666.491638817
12957163.487882212,4842666.491638817
12957163.487882212,4842666.491638817
12957163.487882212,4842665.041865256
12957149.016348412,4842638.945977287
12957149.016348412,4842638.945977287
12957149.016348412,4842638.945977287
12957149.016348412,4842638.945977287
12957149.016348412,4842640.39574705
12957164.601077123,4842667.941412586
12957164.601077123,4842667.941412586
12957164.601077123,4842667.941412586
12957164.601077123,4842667.941412586
12957164.601077123,4842667.941412586
12957164.601077123,4842667.941412586
12957164.601077123,4842666.491638817
12957164.601077123,4842666.491638817
12957164.601077123,4842666.491638817
12957164.601077123,4842666.491638817
12957164.601077123,4842666.491638817
12957164.601077123,4842666.491638817
12957164.601077123,4842666.491638817
12957164.601077123,4842666.491638817
12957164.601077123,4842666.491638817
12957164.601077123,4842666.491638817
12957164.601077123,4842666.491638817
12957164.601077123,4842666.491638817
12957179.072610926,4842695.487154336
12957179.072610926,4842695.487154336
12957179.072610926,4842695.487154336
12957179.072610926,4842695.487154336
12957179.072610926,4842695.487154336
12957179.072610926,4842695.487154336
12957179.072610926,4842695.487154336
12957179.072610926,4842695.487154336
12957179.072610926,4842695.487154336
12957179.072610926,4842695.487154336
12957179.072610926,4842695.487154336
12957179.072610926,4842695.487154336
12957179.072610926,4842695.487154336
12957177.959416017,4842695.487154336
12957177.959416017,4842695.487154336
12957177.959416017,4842695.487154336
12957177.959416017,4842695.487154336
12957177.959416017,4842694.037376555
12957177.959416017,4842694.037376555
12957177.959416017,4842694.037376555
12957177.959416017,4842694.037376555
12957177.959416017,4842695.487154336
12957177.959416017,4842695.487154336
12957177.959416017,4842695.487154336
12957177.959416017,4842695.487154336
12957177.959416017,4842695.487154336
12957177.959416017,4842694.037376555
12957177.959416017,4842694.037376555
12957177.959416017,4842694.037376555
12957177.959416017,4842694.037376555
12957159.035102583,4842660.692545845
12957159.035102583,4842660.692545845
12957159.035102583,4842660.692545845
12957159.035102583,4842660.692545845
12957159.035102583,4842660.692545845
12957159.035102583,4842660.692545845
12957159.035102583,4842660.692545845
12957159.035102583,4842660.692545845
12957159.035102583,4842660.692545845
12957159.035102583,4842660.692545845
12957159.035102583,4842660.692545845
12957160.14829749,4842660.692545845
12957160.14829749,4842660.692545845
12957160.14829749,4842660.692545845
12957160.14829749,4842660.692545845
12957160.14829749,4842660.692545845
12957160.14829749,4842660.692545845
12957160.14829749,4842660.692545845
12957160.14829749,4842660.692545845
12957160.14829749,4842660.692545845
12957160.14829749,4842660.692545845
12957166.827466935,4842675.190284603
12957166.827466935,4842675.190284603
12957166.827466935,4842675.190284603
12957166.827466935,4842675.190284603
12957166.827466935,4842675.190284603
12957166.827466935,4842675.190284603
12957166.827466935,4842675.190284603
12957166.827466935,4842675.190284603
12957166.827466935,4842675.190284603
12957166.827466935,4842675.190284603
12957159.035102583,4842659.24277313
12957159.035102583,4842659.24277313
12957159.035102583,4842659.24277313
12957159.035102583,4842659.24277313
12957159.035102583,4842659.24277313
12957159.035102583,4842659.24277313
12957159.035102583,4842660.692545845
12957159.035102583,4842660.692545845
12957159.035102583,4842660.692545845
12957159.035102583,4842660.692545845
12957160.14829749,4842660.692545845
12957160.14829749,4842662.14231877
12957160.14829749,4842662.14231877
12957160.14829749,4842662.14231877
12957160.14829749,4842662.14231877
12957161.261492396,4842662.14231877
12957161.261492396,4842663.592091906
12957161.261492396,4842663.592091906
12957159.035102583,4842663.592091906
12957159.035102583,4842663.592091906
12957157.921907675,4842663.592091906
12957157.921907675,4842663.592091906
12957157.921907675,4842663.592091906
12957157.921907675,4842663.592091906
12957157.921907675,4842663.592091906
12957157.921907675,4842663.592091906
12957157.921907675,4842663.592091906
12957157.921907675,4842663.592091906
12957157.921907675,4842663.592091906
12957156.808712764,4842662.14231877
12957156.808712764,4842662.14231877
12957156.808712764,4842662.14231877
12957156.808712764,4842662.14231877
12957155.695517857,4842662.14231877
12957155.695517857,4842660.692545845
12957155.695517857,4842660.692545845
12957155.695517857,4842660.692545845
12957154.582322951,4842660.692545845
12957154.582322951,4842659.24277313
12957154.582322951,4842659.24277313
12957154.582322951,4842659.24277313
12957154.582322951,4842659.24277313
12957154.582322951,4842659.24277313
12957154.582322951,4842660.692545845
12957154.582322951,4842660.692545845
12957154.582322951,4842660.692545845
12957154.582322951,4842660.692545845
12957154.582322951,4842660.692545845
12957154.582322951,4842660.692545845
12957154.582322951,4842662.14231877
12957154.582322951,4842662.14231877
12957154.582322951,4842662.14231877
12957155.695517857,4842663.592091906
12957155.695517857,4842663.592091906
12957155.695517857,4842663.592091906
12957155.695517857,4842665.041865256
12957155.695517857,4842665.041865256
12957155.695517857,4842665.041865256
12957155.695517857,4842665.041865256
12957155.695517857,4842663.592091906
12957154.582322951,4842663.592091906
12957154.582322951,4842663.592091906
12957154.582322951,4842663.592091906
12957154.582322951,4842663.592091906
12957154.582322951,4842663.592091906
12957154.582322951,4842663.592091906
12957154.582322951,4842663.592091906
12957155.695517857,4842663.592091906
12957155.695517857,4842663.592091906
12957155.695517857,4842663.592091906
12957155.695517857,4842663.592091906
12957155.695517857,4842663.592091906
12957155.695517857,4842663.592091906
12957155.695517857,4842663.592091906
12957155.695517857,4842663.592091906
12957155.695517857,4842663.592091906
12957155.695517857,4842663.592091906
12957138.997594241,4842622.99852387
12957138.997594241,4842622.99852387
12957138.997594241,4842622.99852387
12957138.997594241,4842624.448291305
12957138.997594241,4842624.448291305
12957140.110789146,4842624.448291305
12957140.110789146,4842624.448291305
12957140.110789146,4842624.448291305
12957140.110789146,4842625.898058955
12957140.110789146,4842625.898058955
12957140.110789146,4842625.898058955
12957140.110789146,4842625.898058955
12957141.223984053,4842627.347826816
12957141.223984053,4842627.347826816
12957141.223984053,4842627.347826816
12957141.223984053,4842627.347826816
12957141.223984053,4842627.347826816
12957141.223984053,4842627.347826816
12957141.223984053,4842627.347826816
12957141.223984053,4842627.347826816
12957141.223984053,4842628.797594885
12957141.223984053,4842628.797594885
12957141.223984053,4842628.797594885
12957141.223984053,4842627.347826816
12957141.223984053,4842627.347826816
12957141.223984053,4842627.347826816
12957141.223984053,4842627.347826816
12957141.223984053,4842627.347826816
12957141.223984053,4842627.347826816
12957141.223984053,4842627.347826816
12957141.223984053,4842628.797594885
12957141.223984053,4842628.797594885
12957142.337178964,4842628.797594885
12957142.337178964,4842628.797594885
12957142.337178964,4842628.797594885
12957142.337178964,4842628.797594885
12957142.337178964,4842628.797594885
12957142.337178964,4842628.797594885
12957155.695517857,4842662.14231877
12957156.808712764,4842662.14231877
12957156.808712764,4842662.14231877
12957156.808712764,4842662.14231877
12957156.808712764,4842662.14231877
12957156.808712764,4842663.592091906
12957156.808712764,4842662.14231877
12957156.808712764,4842662.14231877
12957156.808712764,4842662.14231877
12957156.808712764,4842662.14231877
12957156.808712764,4842662.14231877
12957156.808712764,4842662.14231877
12957156.808712764,4842662.14231877
12957156.808712764,4842662.14231877
12957156.808712764,4842662.14231877
12957156.808712764,4842662.14231877
12957156.808712764,4842660.692545845
12957156.808712764,4842660.692545845
12957156.808712764,4842660.692545845
12957155.695517857,4842660.692545845
12957155.695517857,4842660.692545845
12957155.695517857,4842660.692545845
12957155.695517857,4842660.692545845
12957155.695517857,4842660.692545845
12957155.695517857,4842660.692545845
12957155.695517857,4842660.692545845
12957155.695517857,4842660.692545845
12957155.695517857,4842660.692545845
12957155.695517857,4842660.692545845
12957155.695517857,4842660.692545845
12957155.695517857,4842660.692545845
12957155.695517857,4842660.692545845
12957155.695517857,4842660.692545845
12957155.695517857,4842660.692545845
12957155.695517857,4842660.692545845
12957155.695517857,4842660.692545845
12957155.695517857,4842660.692545845
12957155.695517857,4842660.692545845
12957155.695517857,4842660.692545845
12957155.695517857,4842660.692545845
12957155.695517857,4842660.692545845
12957155.695517857,4842660.692545845
12957155.695517857,4842660.692545845
12957155.695517857,4842660.692545845
12957155.695517857,4842660.692545845
12957155.695517857,4842660.692545845
12957155.695517857,4842660.692545845
12957155.695517857,4842660.692545845
12957156.808712764,4842660.692545845
12957156.808712764,4842660.692545845
12957156.808712764,4842660.692545845
12957156.808712764,4842660.692545845
12957156.808712764,4842660.692545845
12957156.808712764,4842660.692545845
12957156.808712764,4842660.692545845
12957156.808712764,4842660.692545845
12957156.808712764,4842660.692545845
12957156.808712764,4842660.692545845
12957156.808712764,4842660.692545845
12957156.808712764,4842660.692545845
12957156.808712764,4842660.692545845
12957156.808712764,4842660.692545845
12957156.808712764,4842660.692545845
12957156.808712764,4842660.692545845
12957156.808712764,4842660.692545845
12957156.808712764,4842660.692545845
12957156.808712764,4842660.692545845
12957156.808712764,4842660.692545845
12957156.808712764,4842660.692545845
12957156.808712764,4842660.692545845
12957156.808712764,4842660.692545845
12957156.808712764,4842662.14231877
12957156.808712764,4842662.14231877
12957156.808712764,4842662.14231877
12957156.808712764,4842662.14231877
12957157.921907675,4842662.14231877
12957157.921907675,4842662.14231877
12957156.808712764,4842662.14231877
12957156.808712764,4842662.14231877
12957156.808712764,4842662.14231877
12957156.808712764,4842662.14231877
12957156.808712764,4842662.14231877
12957156.808712764,4842662.14231877
12957156.808712764,4842662.14231877
12957157.921907675,4842662.14231877
12957157.921907675,4842662.14231877
12957157.921907675,4842662.14231877
12957157.921907675,4842662.14231877
12957157.921907675,4842660.692545845
12957157.921907675,4842660.692545845
12957157.921907675,4842660.692545845
12957157.921907675,4842660.692545845
12957157.921907675,4842660.692545845
12957157.921907675,4842660.692545845
12957157.921907675,4842660.692545845
12957157.921907675,4842660.692545845
12957157.921907675,4842660.692545845
12957157.921907675,4842660.692545845
12957160.14829749,4842659.24277313
12957160.14829749,4842659.24277313
12957162.374687307,4842656.343228332
12957163.487882212,4842654.893456253
12957164.601077123,4842657.793000623
12957165.71427203,4842654.893456253
12957165.71427203,4842649.094370036
12957165.71427203,4842641.845517019
12957167.940661846,4842636.046438402
12957169.053856755,4842628.797594885
12957170.167051662,4842624.448291305
12957172.393441478,4842620.098989627
12957171.280246567,4842618.649222823
12957163.487882212,4842615.749689852
12957134.544814607,4842617.199456231
12957111.16772154,4842612.850157722
12957106.714941908,4842609.950626437
12957092.243408106,4842605.60133109
12957066.639925223,4842601.25203765
12957046.602416879,4842598.352509738
12957027.678103445,4842599.802273589
12957010.980179826,4842625.898058955
12957006.527400194,4842659.24277313
12957006.527400194,4842698.386710532
12957004.30101038,4842746.229509702
12957004.30101038,4842796.972123691
12956979.810722405,4842812.919855785
12956969.791968234,4842762.177160515
12956973.131552957,4842688.238267539
12956976.47113768,4842601.25203765
12956980.923917312,4842507.017812902
12956984.263502037,4842406.985534882
12956987.60308676,4842302.605098909
12956996.508646023,4842080.800305793
12957002.074620562,4841970.624598285
12957006.527400194,4841854.651486381
12957012.093374733,4841737.23008677
12957016.546154365,4841621.259693219
12957020.998933997,4841500.9418374915
12957026.564908536,4841374.827091458
12957031.017688168,4841244.365241869
12957035.4704678,4841118.253745291
12957038.810052523,4840993.593375796
12957044.376027066,4840751.524790013
12957043.262832155,4840632.666919747
12957046.602416879,4840558.743837886
12957047.71561179,4840538.451323165
12957047.71561179,4840534.102932534
12957046.602416879,4840538.451323165
12957047.71561179,4840537.001859412
12957047.71561179,4840537.001859412
12957047.71561179,4840537.001859412
12957047.71561179,4840537.001859412
12957047.71561179,4840535.55239587
12957047.71561179,4840535.55239587
12957047.71561179,4840535.55239587
12957047.71561179,4840535.55239587
12957047.71561179,4840535.55239587
12957047.71561179,4840535.55239587
12957047.71561179,4840535.55239587
12957047.71561179,4840535.55239587
12957046.602416879,4840531.204006501
12957048.828806695,4840490.619130646
12957053.281586329,4840428.292679031
12957055.507976145,4840355.820551343
12957057.73436596,4840283.348951027
12957061.073950684,4840219.574378974
12957062.187145593,4840167.395487411
12957065.526730316,4840119.565076963
12957068.866315039,4840073.184292257
12957073.319094671,4839997.81597777
12957078.88506921,4839902.15701533
12957082.224653935,4839792.005408796
12957087.790628474,4839686.203039007
12957092.243408106,4839574.604497038
12957095.58299283,4839463.007205441
12957097.809382645,4839373.150554665
12957098.922577552,4839281.845433398
12957122.29967062,4838741.278289756
12957118.960085895,4838736.930683652
12957117.846890988,4838738.379885473
12957117.846890988,4838738.379885473
12957117.846890988,4838738.379885473
12957117.846890988,4838739.829087509
12957117.846890988,4838739.829087509
12957116.733696079,4838738.379885473
12957116.733696079,4838736.930683652
12957124.526060436,4838638.3854543185
12957130.092034975,4838552.883765772
12957134.544814607,4838463.035324512
12957136.771204421,4838390.577494413
12957137.88439933,4838361.594509932
12957136.771204421,4838360.145362923
12957135.658009514,4838363.043657155
12957135.658009514,4838364.492804589
12957135.658009514,4838365.94195223
12957136.771204421,4838357.247069538
12957140.110789146,4838309.425350362
12957143.45037387,4838234.070379963
12957146.789958593,4838142.775698643
12957151.242738225,4838039.889044635
12957154.582322951,4837948.596142749
12957154.582322951,4837874.692977747
12957152.355933135,4837841.364278775
12957145.676763685,4837828.32264431
12957145.676763685,4837828.32264431
12957145.676763685,4837828.32264431
12957145.676763685,4837828.32264431
12957145.676763685,4837828.32264431
12957144.56356878,4837828.32264431
12957144.56356878,4837828.32264431
12957144.56356878,4837828.32264431
12957145.676763685,4837823.975436617
12957152.355933135,4837776.156277171
12957154.582322951,4837693.560087821
12957164.601077123,4837493.593201889
12957187.978170188,4837431.285499563
12957248.090695215,4837419.693411891
12957323.787948957,4837424.040443188
12957411.730346683,4837426.938465105
12957497.446354592,4837429.836487868
12957582.049167596,4837434.18352359
12957675.557539862,4837437.08154846
12957773.518691761,4837439.979574172
12957880.38540292,4837441.428587345
12957996.157673348,4837445.775628125
12958113.043138677,4837448.673656365
12958223.249434566,4837458.816761846
12958334.568925356,4837466.061843512
12958444.775221245,4837468.959877652
12958544.96276296,4837468.959877652
12958620.660016697,4837470.408895037
12958660.735033382,4837471.857912637
12958675.206567187,4837473.306930443
12958675.206567187,4837474.755948464
12958675.206567187,4837476.204966693
12958674.09337228,4837476.204966693
12958674.09337228,4837476.204966693
12958675.206567187,4837476.204966693
12958678.546151908,4837474.755948464
12958713.055194056,4837477.653985134
12958767.601744544,4837477.653985134
12958788.752447797,4837426.938465105
12958790.97883761,4837342.896171694
12958796.544812148,4837251.609656181
12958802.110786691,4837174.813711522
12958814.355930679,4837153.0791176725
12958821.035100125,4837145.834263587
12958821.035100125,4837144.385293405
12958815.469125586,4837147.283233985
12958815.469125586,4837147.283233985
12958815.469125586,4837147.283233985
12958815.469125586,4837147.283233985
12958815.469125586,4837147.283233985
12958815.469125586,4837147.283233985
12958815.469125586,4837147.283233985
12958815.469125586,4837147.283233985
12958815.469125586,4837147.283233985
12958815.469125586,4837147.283233985
12958815.469125586,4837147.283233985
12958815.469125586,4837147.283233985
12958815.469125586,4837147.283233985
12958815.469125586,4837147.283233985
12958815.469125586,4837147.283233985
12958815.469125586,4837147.283233985
12958815.469125586,4837147.283233985
12958815.469125586,4837147.283233985
12958815.469125586,4837147.283233985
12958815.469125586,4837147.283233985
12958815.469125586,4837147.283233985
12958836.619828837,4837126.997667631
12958887.8267946,4837122.650765927
12958955.731683984,4837132.793539516
12959035.881717354,4837141.487353669
12959119.37133545,4837151.630146432
12959201.747758638,4837163.221922236
12959288.576961458,4837184.956538212
12959372.06657955,4837203.793243742
12959461.122172186,4837219.732022391
12959520.121502306,4837231.323877424
12959522.347892124,4837229.874894805
12959522.347892124,4837229.874894805
12959522.347892124,4837229.874894805
12959522.347892124,4837229.874894805
12959522.347892124,4837229.874894805
12959549.064569913,4837231.323877424
12959606.950705124,4837235.670826538
12959689.327128312,4837238.5687936675
12959761.684797328,4837241.46676164
12959842.948025608,4837242.91574594
12959925.324448794,4837244.364730455
12960009.927261798,4837248.711685257
12960088.96410026,4837250.160670612
12960155.755794736,4837255.956614142
12960196.944006331,4837261.752561046
12960233.679438291,4837261.752561046
12960280.433624424,4837264.650535761
12960324.961420743,4837266.099523438
12960350.564903624,4837270.446487722
12960361.696852705,4837270.446487722
12960396.205894848,4837277.691432412
12960452.978835154,4837289.283354876
12960505.298995826,4837299.426298094
12960514.204555092,4837306.671263856
12960465.223979142,4837305.222270284
12960417.356598102,4837297.977305571
12960415.130208286,4837299.426298094
12960415.130208286,4837299.426298094
12960387.300335586,4837292.1813376
12960340.546149453,4837279.140421985
12960280.433624424,4837276.242443049
12960231.453048475,4837273.344464966
12960155.755794736,4837267.548511321
12960101.209244248,4837270.446487722
12960087.850905353,4837289.283354876
12960092.303684985,4837338.549175801
12960091.190490076,4837370.4271897385
12960095.643269708,4837409.550346239
12960109.001608603,4837648.63964073
12960121.24675259,4837864.549448867
12960121.24675259,4837864.549448867
12960122.359947499,4837922.51261015
12960122.359947499,4837922.51261015
12960125.699532222,4837979.0270170905
12960127.925922038,4838065.972884545
12960137.94467621,4838212.333475192
12960151.303015104,4838439.84876154
12960154.642599829,4838492.01860412
12960154.642599829,4838539.841199827
12960159.095379462,4838590.562385535
12960160.208574368,4838629.690333826
12960163.54815909,4838690.556336647
12960165.774548907,4838738.379885473
12960165.774548907,4838793.449710963
12960169.114133634,4838845.6214054115
12960171.340523446,4838897.793373105
12960173.566913262,4838938.371759112
12960162.434964184,4838991.993451311
12960143.510650748,4839029.673732023
12960114.567583144,4839081.846663706
12960092.303684985,4839119.527284318
12960056.681447929,4839180.396280255
12959972.078634925,4839325.323958191
12959862.98553395,4839499.239955246
12959836.268856158,4839544.1687480565
12959792.85425475,4839607.938995491
12959767.250771867,4839644.172272524
12959717.157001013,4839664.462965234
12959606.950705124,4839667.361638993
12959503.423578689,4839670.260313602
12959456.669392554,4839671.70965122
12959389.877698079,4839674.60832709
12959352.029071208,4839677.507003805
12959266.3130633,4839681.855020457
12959215.106097532,4839681.855020457
12959179.48386048,4839681.855020457
12959130.503284529,4839683.304359766
12958342.361289712,4839800.701543969
12958288.927934133,4839810.847044599
12958247.739722539,4839819.543196224
12958183.17441788,4839841.283608497
12958140.873011379,4839847.081059786
12958077.420901628,4839851.429150465
12958037.345884942,4839860.125337522
12957964.988215923,4839881.865838379
12957912.668055253,4839893.460791575
12957840.310386235,4839905.0557582695
12957793.556200104,4839916.65073846
12957722.311725995,4839932.593858265
12957674.444344955,4839942.739493247
12957606.53945557,4839960.132034406
12957564.23804907,4839973.176460206
12957496.333159687,4839993.467823184
12957450.69216846,4840005.062906302
12957381.67408417,4840019.556779188
12957334.919898035,4840032.601282816
12957265.901813742,4840051.443373773
12957220.260822518,4840061.589129827
12957159.035102583,4840080.4312756285
12957121.186475711,4840093.475858987
12957106.714941908,4840158.6990320645
12957102.262162277,4840216.675544497
12957096.696187736,4840303.640945957
12957093.356603013,4840355.820551343
12957088.903823381,4840419.595995865
12957088.903823381,4840439.888268404
12957088.903823381,4840452.933322583
12957088.903823381,4840458.731129927
12957091.130213197,4840458.731129927
12957091.130213197,4840458.731129927
12957091.130213197,4840458.731129927
12957090.01701829,4840458.731129927
12957091.130213197,4840458.731129927
12957091.130213197,4840458.731129927
12957091.130213197,4840458.731129927
12957088.903823381,4840468.877300899
12957086.677433565,4840499.315875833
12957084.451043751,4840571.789047753
12957083.337848842,4840635.565875311
12957079.998264119,4840738.479344702
12957083.337848842,4840810.954257119
12957076.658679394,4840908.071466701
12957072.205899764,4840974.749502233
12957067.753120132,4841070.418767828
12957065.526730316,4841134.198788842
12957059.960755777,4841231.319150918
12957056.62117105,4841297.999350908
12957051.05519651,4841405.2684356375
12957051.05519651,4841405.2684356375
12957048.828806695,4841474.849000367
12957048.828806695,4841474.849000367
12957043.262832155,4841580.67037457
12957043.262832155,4841580.67037457
12957039.923247434,4841651.701790784
12957035.4704678,4841753.176121509
12957032.130883075,4841818.410165921
12957025.451713629,4841903.93989389
12957024.338518724,4841944.5305303335
12957024.338518724,4841964.825910611
12957025.451713629,4841964.825910611
12957025.451713629,4841964.825910611
12957025.451713629,4841964.825910611
12957025.451713629,4841964.825910611
12957025.451713629,4841964.825910611
12957024.338518724,4841992.369707151
12957008.75379001,4842030.061341684
12956960.88640897,4842067.753118898
12956927.490561733,4842082.249994283
12956879.623180691,4842114.143194424
12956845.114138545,4842140.237706891
12956795.02036769,4842179.379603822
12956761.624520449,4842204.02458083
12956715.983529225,4842222.870780882
12956685.927266711,4842218.521654628
12956642.5126653,4842201.125168604
12956611.343207879,4842192.426936992
12956569.041801376,4842176.480198772
12956538.985538863,4842164.882587014
12956494.457742546,4842154.734687812
12956465.514674941,4842159.083786202
12956418.760488806,4842193.876641732
12956384.25144666,4842218.521654628
12956333.044480897,4842256.214145285
12956299.648633657,4842279.409595076
12956248.441667894,4842315.6525935605
12956213.932625748,4842340.297907885
12956171.631219245,4842369.292473434
12956138.235372009,4842389.588719556
12956090.367990965,4842421.482904203
12956061.42492336,4842438.87977526
12956012.444347411,4842451.927448497
12955973.482525636,4842459.176163239
12955913.370000606,4842466.424883259
12955878.86095846,4842472.223863076
12955835.446357049,4842478.022846271
12955807.616484351,4842483.821832839
12955760.862298217,4842488.171074987
12955739.711594967,4842478.022846271
12955718.560891716,4842466.424883259
12955716.3345019,4842475.123354249
12955712.994917177,4842485.2715800125
12955706.315747729,4842489.62082279
12955706.315747729,4842489.62082279
12955706.315747729,4842489.62082279
12955706.315747729,4842489.62082279
12955706.315747729,4842489.62082279
12955706.315747729,4842489.62082279
12955706.315747729,4842489.62082279
12955705.202552821,4842489.62082279
12955705.202552821,4842489.62082279
12955705.202552821,4842489.62082279
12955705.202552821,4842489.62082279
12955705.202552821,4842489.62082279
12955705.202552821,4842489.62082279
12955705.202552821,4842491.070570807
12955705.202552821,4842491.070570807
12955705.202552821,4842491.070570807
12955705.202552821,4842491.070570807
12955705.202552821,4842491.070570807
12955705.202552821,4842491.070570807
12955704.089357914,4842491.070570807
12955704.089357914,4842491.070570807
12955679.59906994,4842511.367065184
12955679.59906994,4842511.367065184
12955677.372680124,4842515.716319361
12955716.3345019,4842491.070570807
12955734.145620428,4842485.2715800125
12955754.183128772,4842492.5203190325
12955771.994247299,4842492.5203190325
12955806.503289443,4842486.721327393
12955837.672746865,4842478.022846271
12955875.521373734,4842475.123354249
12955900.01166171,4842472.223863076
12955946.765847843,4842464.975138835
12955980.16169508,4842457.726419866
12956028.029076122,4842444.678739028
12956059.198533544,4842430.181335928
12956103.726329863,4842399.736858134
12956134.895787284,4842377.990859562
12956186.102753049,4842343.197360642
12956218.38540538,4842321.451485558
12956299.648633657,4842264.912432626
12956374.23269249,4842209.823407816
12956419.873683713,4842177.929901189
12956452.156336043,4842157.634086529
12956498.910522178,4842140.237706891
12956528.966784691,4842148.935892909
12956566.81541156,4842161.983186186
12956585.739724997,4842183.728712978
12956587.96611481,4842214.172530271
12956594.645284258,4842246.066152993
12956594.645284258,4842296.806217884
12956597.984868981,4842334.499004909
12956592.418894446,4842395.387654621
12956587.96611481,4842437.430034841
12956583.513335181,4842534.563109422
12956581.286945365,4842582.405121345
12956579.060555547,4842592.553456456
12956577.947360639,4842614.299923683
12956576.834165731,4842633.146900361
12956574.607775915,4842683.888937996
12956573.49458101,4842724.482754304
12956572.381386103,4842767.976312596
12956574.607775915,4842756.378011809
12956574.607775915,4842756.378011809
12956574.607775915,4842756.378011809
12956574.607775915,4842756.378011809
12956574.607775915,4842756.378011809
12956574.607775915,4842756.378011809
12956573.49458101,4842772.325678878
12956571.268191192,4842810.020266234
12956569.041801376,4842831.767208472
12956570.154996287,4842873.811431504
12956569.041801376,4842992.6960574975
12956566.81541156,4843044.88975639
12956561.249437021,4843137.679230083
12956561.249437021,4843186.973989761
12956561.249437021,4843227.569857478
12956570.154996287,4843273.965337582
12956605.77723334,4843276.865062269
12956705.964775054,4843279.764787801
12956771.643274624,4843279.764787801
12956817.284265844,4843282.664514177
12956880.736375598,4843281.214650881
12956899.660689035,4843288.463969462
12956862.925257072,4843291.363698372
12956819.51065566,4843288.463969462
12956739.36062229,4843287.014105322
12956683.700876893,4843288.463969462
12956608.003623152,4843281.214650881
12956561.249437021,4843281.214650881
12956503.36330181,4843288.463969462
12956463.288285121,4843287.014105322
12956383.138251752,4843285.564241396
12956327.478506355,4843284.114377679
12956245.102083169,4843282.664514177
12956190.555532679,4843281.214650881
12956105.952719675,4843275.415199822
12956051.40616919,4843275.415199822
12955974.59572054,4843271.065613741
12955955.671407105,4843272.515475559
12955960.124186737,4843260.916586949
12955964.57696637,4843258.016866908
12955983.501279807,4843255.117147711
12955986.84086453,4843250.767570503
12955987.954059435,4843250.767570503
12955987.954059435,4843250.767570503
12955987.954059435,4843249.317711857
12955987.954059435,4843249.317711857
12955987.954059435,4843247.867853417
12955987.954059435,4843246.417995194
12955986.84086453,4843243.5182793755
12955985.727669619,4843242.068421783
12955985.727669619,4843242.068421783
12955985.727669619,4843242.068421783
12955994.633228885,4843258.016866908
12956021.349906676,4843260.916586949
12956077.00965207,4843273.965337582
12956132.669397468,4843273.965337582
12956217.27221047,4843282.664514177
12956277.384735499,4843282.664514177
12956373.119497582,4843284.114377679
12956435.458412427,4843287.014105322
12956435.458412427,4843287.014105322
12956524.51400506,4843288.463969462
12956524.51400506,4843288.463969462
12956581.286945365,4843279.764787801
12956669.22934309,4843281.214650881
12956726.002283396,4843278.314924931
12956809.491901489,4843284.114377679
12956862.925257072,4843285.564241396
12956924.150977006,4843272.515475559
12956933.056536272,4843229.019712958
12956933.056536272,4843153.627507973
12956930.830146456,4843118.831298242
12956934.169731177,4843084.035210136
12956935.282926088,4843046.339585264
12956936.396120993,4842982.547314486
12956937.509315904,4842944.852073894
12956918.585002467,4842928.904130455
12956905.226663573,4842940.502632242
12956904.113468664,4842962.249859509
12956903.000273757,4842968.0491281375
12956903.000273757,4842968.0491281375
12956895.207909402,4842972.398581828
12956890.75512977,4842973.848400145
12956890.75512977,4842973.848400145
12956890.75512977,4842973.848400145
12956890.75512977,4842973.848400145
12956890.75512977,4842973.848400145
12956890.75512977,4842973.848400145
12956890.75512977,4842973.848400145
12956890.75512977,4842973.848400145
12956890.75512977,4842973.848400145
12956890.75512977,4842973.848400145
12956890.75512977,4842973.848400145
12956890.75512977,4842973.848400145
12956890.75512977,4842973.848400145
12956890.75512977,4842973.848400145
12956890.75512977,4842973.848400145
12956890.75512977,4842973.848400145
12956890.75512977,4842973.848400145
12956890.75512977,4842973.848400145
12956890.75512977,4842973.848400145
12956890.75512977,4842973.848400145
12956890.75512977,4842973.848400145
12956890.75512977,4842973.848400145
12956890.75512977,4842973.848400145
12956890.75512977,4842973.848400145
12956890.75512977,4842972.398581828
12956890.75512977,4842972.398581828
12956890.75512977,4842972.398581828
12956890.75512977,4842972.398581828
12956890.75512977,4842972.398581828
12956890.75512977,4842972.398581828
12956890.75512977,4842972.398581828
12956890.75512977,4842972.398581828
12956890.75512977,4842972.398581828
12956890.75512977,4842972.398581828
12956890.75512977,4842972.398581828
12956928.603756638,4842924.554695771
12956927.490561733,4842926.004507119
12956927.490561733,4842926.004507119
12956927.490561733,4842926.004507119
12956927.490561733,4842926.004507119
12956927.490561733,4842926.004507119
12956927.490561733,4842927.454318683
12956927.490561733,4842927.454318683
12956927.490561733,4842927.454318683
12956927.490561733,4842927.454318683
12956927.490561733,4842927.454318683
12956927.490561733,4842927.454318683
12956927.490561733,4842927.454318683
12956927.490561733,4842927.454318683
12956927.490561733,4842927.454318683
12956927.490561733,4842927.454318683
12956927.490561733,4842927.454318683
12956926.377366822,4842927.454318683
12956926.377366822,4842927.454318683
12956876.283595966,4842969.49894582
12956876.283595966,4842969.49894582
12956876.283595966,4842969.49894582
12956877.396790873,4842969.49894582
12956877.396790873,4842969.49894582
12956877.396790873,4842968.0491281375
12956878.509985782,4842968.0491281375
12956878.509985782,4842968.0491281375
12956878.509985782,4842968.0491281375
12956879.623180691,4842968.0491281375
12956879.623180691,4842968.0491281375
12956879.623180691,4842966.599310664
12956879.623180691,4842966.599310664
12956879.623180691,4842966.599310664
12956879.623180691,4842966.599310664
12956879.623180691,4842966.599310664
12956879.623180691,4842966.599310664
12956878.509985782,4842966.599310664
12956878.509985782,4842966.599310664
12956878.509985782,4842966.599310664
12956878.509985782,4842966.599310664
12956878.509985782,4842966.599310664
12956878.509985782,4842966.599310664
12956878.509985782,4842966.599310664
12956878.509985782,4842965.149493401
12956878.509985782,4842965.149493401
12956878.509985782,4842965.149493401
12956879.623180691,4842965.149493401
12956940.848900627,4842970.948763718
12956939.73570572,4842970.948763718
12956899.660689035,4842955.000778475
12956899.660689035,4842955.000778475
12956899.660689035,4842955.000778475
12956899.660689035,4842955.000778475
12956899.660689035,4842955.000778475
12956966.452383509,4842962.249859509
12956966.452383509,4842962.249859509
12956967.565578418,4842966.599310664
12956849.566918178,4842998.495343861
12956850.680113085,4842997.045521953
12956852.9065029,4842991.246236436
12956857.35928253,4842983.997134284
12956859.585672349,4842981.097494903
12956862.925257072,4842978.197856369
12956864.038451979,4842975.298218673
12956865.151646888,4842972.398581828
12956862.925257072,4842970.948763718
12956858.47247744,4842969.49894582
12956854.019697808,4842968.0491281375
12956856.246087624,4842965.149493401
12956857.35928253,4842965.149493401
12956858.47247744,4842963.699676351
12956859.585672349,4842963.699676351
12956861.812062163,4842963.699676351
12956864.038451979,4842963.699676351
12956865.151646888,4842963.699676351
12956866.264841795,4842963.699676351
12956867.378036702,4842963.699676351
12956868.491231611,4842963.699676351
12956869.60442652,4842963.699676351
12956870.717621427,4842963.699676351
12956871.830816334,4842963.699676351
12956872.944011243,4842962.249859509
12956874.05720615,4842962.249859509
12956874.05720615,4842960.80004288
12956875.17040106,4842959.35022646
12956876.283595966,4842957.900410255
12956877.396790873,4842956.450594258
12956878.509985782,4842955.000778475
12956879.623180691,4842953.550962902
12956879.623180691,4842953.550962902
12956880.736375598,4842952.101147537
12956880.736375598,4842952.101147537
12956881.849570505,4842952.101147537
12956881.849570505,4842952.101147537
12956881.849570505,4842952.101147537
12956881.849570505,4842950.651332388
12956881.849570505,4842952.101147537
12956881.849570505,4842952.101147537
12956881.849570505,4842952.101147537
12956881.849570505,4842952.101147537
12956881.849570505,4842952.101147537
12956881.849570505,4842952.101147537
12956881.849570505,4842952.101147537
12956881.849570505,4842953.550962902
12956881.849570505,4842952.101147537
12956881.849570505,4842952.101147537
12956881.849570505,4842952.101147537
12956881.849570505,4842952.101147537
12956881.849570505,4842950.651332388
12956881.849570505,4842950.651332388
12956881.849570505,4842950.651332388
12956881.849570505,4842952.101147537
12956881.849570505,4842952.101147537
12956881.849570505,4842952.101147537
12956881.849570505,4842952.101147537
12956881.849570505,4842952.101147537
12956881.849570505,4842953.550962902
12956881.849570505,4842953.550962902
12956881.849570505,4842953.550962902
12956880.736375598,4842953.550962902
12956881.849570505,4842953.550962902
12956881.849570505,4842953.550962902
12956880.736375598,4842953.550962902
12956880.736375598,4842953.550962902
12956880.736375598,4842953.550962902
12956880.736375598,4842955.000778475
12956880.736375598,4842955.000778475
12956880.736375598,4842955.000778475
12956880.736375598,4842955.000778475
12956880.736375598,4842955.000778475
12956880.736375598,4842955.000778475
12956880.736375598,4842956.450594258
12956879.623180691,4842956.450594258
12956879.623180691,4842956.450594258
12956879.623180691,4842956.450594258
12956879.623180691,4842956.450594258
12956879.623180691,4842956.450594258
12956879.623180691,4842956.450594258
12956879.623180691,4842956.450594258
12956878.509985782,4842957.900410255
12956878.509985782,4842957.900410255
12956878.509985782,4842957.900410255
12956878.509985782,4842957.900410255
12956878.509985782,4842957.900410255
12956878.509985782,4842957.900410255
12956878.509985782,4842957.900410255
12956878.509985782,4842957.900410255
12956877.396790873,4842957.900410255
12956877.396790873,4842959.35022646
12956877.396790873,4842957.900410255
12956877.396790873,4842957.900410255
12956877.396790873,4842957.900410255
12956877.396790873,4842957.900410255
12956877.396790873,4842957.900410255
12956877.396790873,4842957.900410255
12956878.509985782,4842957.900410255
12956878.509985782,4842957.900410255
12956878.509985782,4842957.900410255
12956878.509985782,4842957.900410255
12956879.623180691,4842957.900410255
12956879.623180691,4842957.900410255
12956879.623180691,4842957.900410255
12956879.623180691,4842956.450594258
12956879.623180691,4842956.450594258
12956879.623180691,4842956.450594258
12956880.736375598,4842956.450594258
12956880.736375598,4842956.450594258
12956879.623180691,4842956.450594258
12956880.736375598,4842956.450594258
12956880.736375598,4842957.900410255
12956880.736375598,4842957.900410255
12956880.736375598,4842957.900410255
12956880.736375598,4842957.900410255
12956880.736375598,4842957.900410255
12956880.736375598,4842957.900410255
12956880.736375598,4842957.900410255
12956880.736375598,4842957.900410255
12956880.736375598,4842957.900410255
12956880.736375598,4842957.900410255
12956880.736375598,4842957.900410255
12956880.736375598,4842957.900410255
12956880.736375598,4842957.900410255
12956879.623180691,4842957.900410255
12956879.623180691,4842957.900410255
12956879.623180691,4842957.900410255
12956879.623180691,4842957.900410255
12956879.623180691,4842957.900410255
12956879.623180691,4842957.900410255
12956880.736375598,4842957.900410255
12956880.736375598,4842957.900410255
12956880.736375598,4842957.900410255
12956880.736375598,4842957.900410255
12956880.736375598,4842957.900410255
12956880.736375598,4842959.35022646
12956880.736375598,4842959.35022646
12956880.736375598,4842959.35022646
12956880.736375598,4842959.35022646
12956880.736375598,4842959.35022646
12956880.736375598,4842959.35022646
12956880.736375598,4842959.35022646
12956880.736375598,4842959.35022646
12956880.736375598,4842959.35022646
12956880.736375598,4842959.35022646
12956880.736375598,4842959.35022646
12956880.736375598,4842959.35022646
12956880.736375598,4842959.35022646
12956880.736375598,4842959.35022646
12956880.736375598,4842959.35022646
12956880.736375598,4842959.35022646
12956880.736375598,4842959.35022646
12956880.736375598,4842959.35022646
12956880.736375598,4842959.35022646
12956880.736375598,4842959.35022646
12956880.736375598,4842959.35022646
12956880.736375598,4842959.35022646
12956880.736375598,4842959.35022646
12956880.736375598,4842959.35022646
12956880.736375598,4842959.35022646
12956880.736375598,4842959.35022646
12956880.736375598,4842959.35022646
12956880.736375598,4842959.35022646
12956880.736375598,4842959.35022646
12956880.736375598,4842959.35022646
12956880.736375598,4842960.80004288
12956845.114138545,4842988.346594938
12956845.114138545,4842988.346594938
12956845.114138545,4842988.346594938
12956845.114138545,4842988.346594938
12956845.114138545,4842988.346594938
12956846.227333453,4842988.346594938
12956846.227333453,4842988.346594938
12956846.227333453,4842988.346594938
12956846.227333453,4842986.896774511
12956846.227333453,4842986.896774511
12956847.34052836,4842986.896774511
12956847.34052836,4842986.896774511
12956848.453723269,4842986.896774511
12956848.453723269,4842986.896774511
12956900.77388394,4842928.904130455
12956900.77388394,4842928.904130455
12956900.77388394,4842928.904130455
12956899.660689035,4842930.353942437
12956899.660689035,4842930.353942437
12956899.660689035,4842931.803754634
12956899.660689035,4842931.803754634
12956898.547494125,4842931.803754634
12956898.547494125,4842931.803754634
12956897.434299216,4842931.803754634
12956896.321104309,4842931.803754634
12956895.207909402,4842931.803754634
12956894.094714493,4842931.803754634
12956892.981519585,4842931.803754634
12956891.868324677,4842931.803754634
12956890.75512977,4842931.803754634
12956889.641934862,4842931.803754634
12956889.641934862,4842931.803754634
12956888.528739953,4842931.803754634
12956887.415545044,4842931.803754634
12956811.718291309,4842941.952445913
12956809.491901489,4842944.852073894
12956809.491901489,4842944.852073894
12956809.491901489,4842944.852073894
12956809.491901489,4842944.852073894
12956809.491901489,4842946.301888199
12956809.491901489,4842946.301888199
12956810.6050964,4842947.751702718
12956852.9065029,4842953.550962902
12956852.9065029,4842953.550962902
12956903.000273757,4842963.699676351
12956903.000273757,4842963.699676351
12956903.000273757,4842963.699676351
12956903.000273757,4842963.699676351
12956903.000273757,4842963.699676351
12956903.000273757,4842963.699676351
12956903.000273757,4842962.249859509
12956903.000273757,4842962.249859509
12956903.000273757,4842962.249859509
12956903.000273757,4842962.249859509
12956901.887078848,4842962.249859509
12956901.887078848,4842962.249859509
12956901.887078848,4842962.249859509
12956901.887078848,4842962.249859509
12956900.77388394,4842962.249859509
12956901.887078848,4842962.249859509
12956901.887078848,4842960.80004288
12956900.77388394,4842960.80004288
12956900.77388394,4842960.80004288
12956900.77388394,4842960.80004288
12956900.77388394,4842959.35022646
12956901.887078848,4842959.35022646
12956901.887078848,4842957.900410255
12956901.887078848,4842957.900410255
12956901.887078848,4842956.450594258
12956901.887078848,4842956.450594258
12956901.887078848,4842956.450594258
12956901.887078848,4842955.000778475
12956901.887078848,4842955.000778475
12956901.887078848,4842955.000778475
12956901.887078848,4842953.550962902
12956901.887078848,4842953.550962902
12956901.887078848,4842953.550962902
12956901.887078848,4842953.550962902
12956901.887078848,4842953.550962902
12956901.887078848,4842953.550962902
12956901.887078848,4842953.550962902
12956901.887078848,4842953.550962902
12956901.887078848,4842953.550962902
12956856.246087624,4842965.149493401
12956825.076630203,4842973.848400145
12956825.076630203,4842973.848400145
12956825.076630203,4842973.848400145
12956825.076630203,4842973.848400145
12956825.076630203,4842973.848400145
12956826.18982511,4842973.848400145
12956894.094714493,4842941.952445913
12956894.094714493,4842941.952445913
12956894.094714493,4842943.402259797
12956892.981519585,4842943.402259797
12956894.094714493,4842944.852073894
12956894.094714493,4842943.402259797
12956894.094714493,4842941.952445913
12956894.094714493,4842943.402259797
12956894.094714493,4842943.402259797
12956894.094714493,4842943.402259797
12956894.094714493,4842943.402259797
12956895.207909402,4842943.402259797
12956896.321104309,4842943.402259797
12956896.321104309,4842943.402259797
12956897.434299216,4842943.402259797
12956897.434299216,4842943.402259797
12956897.434299216,4842941.952445913
12956897.434299216,4842941.952445913
12956896.321104309,4842939.052818778
12956896.321104309,4842939.052818778
12956896.321104309,4842937.603005528
12956896.321104309,4842936.153192487
12956896.321104309,4842936.153192487
12956896.321104309,4842936.153192487
12956899.660689035,4842936.153192487
12956901.887078848,4842936.153192487
12956904.113468664,4842936.153192487
12956907.45305339,4842934.703379659
12956911.905833019,4842931.803754634
12956911.905833019,4842931.803754634
12956911.905833019,4842931.803754634
12956911.905833019,4842931.803754634
12956911.905833019,4842931.803754634
12956911.905833019,4842930.353942437
12956913.019027928,4842930.353942437
12956913.019027928,4842930.353942437
12956913.019027928,4842930.353942437
12956913.019027928,4842930.353942437
12956913.019027928,4842931.803754634
12956913.019027928,4842931.803754634
12956913.019027928,4842933.25356704
12956913.019027928,4842933.25356704
12956913.019027928,4842934.703379659
12956911.905833019,4842934.703379659
12956911.905833019,4842934.703379659
12956910.792638112,4842934.703379659
12956910.792638112,4842936.153192487
12956910.792638112,4842936.153192487
12956909.679443207,4842936.153192487
12956909.679443207,4842936.153192487
12956909.679443207,4842937.603005528
12956909.679443207,4842937.603005528
12956909.679443207,4842937.603005528
12956908.566248296,4842937.603005528
12956908.566248296,4842939.052818778
12956908.566248296,4842939.052818778
12956907.45305339,4842940.502632242
12956907.45305339,4842941.952445913
12956906.33985848,4842941.952445913
12956905.226663573,4842943.402259797
12956905.226663573,4842943.402259797
12956904.113468664,4842944.852073894
12956904.113468664,4842944.852073894
12956903.000273757,4842944.852073894
12956903.000273757,4842946.301888199
12956903.000273757,4842947.751702718
12956903.000273757,4842947.751702718
12956903.000273757,4842947.751702718
12956901.887078848,4842949.201517447
12956901.887078848,4842949.201517447
12956901.887078848,4842950.651332388
12956901.887078848,4842952.101147537
12956901.887078848,4842952.101147537
12956892.981519585,4843033.291132987
12956892.981519585,4843033.291132987
12956894.094714493,4843031.841306012
12956894.094714493,4843030.391479247
12956895.207909402,4843028.941652696
12956895.207909402,4843027.491826351
12956895.207909402,4843026.042000222
12956895.207909402,4843024.592174306
12956895.207909402,4843023.142348596
12956895.207909402,4843023.142348596
12956895.207909402,4843020.242697812
12956895.207909402,4843020.242697812
12956895.207909402,4843018.792872739
12956895.207909402,4843017.343047873
12956895.207909402,4843014.443398778
12956895.207909402,4843012.993574549
12956896.321104309,4843011.543750533
12956896.321104309,4843010.093926722
12956896.321104309,4843010.093926722
12956896.321104309,4843008.644103124
12956897.434299216,4843007.194279739
12956897.434299216,4843007.194279739
12956898.547494125,4843007.194279739
12956897.434299216,4843005.744456567
12956897.434299216,4843005.744456567
12956897.434299216,4843005.744456567
12956897.434299216,4843004.294633605
12956897.434299216,4843002.844810851
12953757.111463938,4843002.844810851
12956897.434299216,4843002.844810851
12956897.434299216,4843001.394988307
12956897.434299216,4842999.94516598
12956885.18915523,4842898.45812756
12956885.18915523,4842898.45812756
12956885.18915523,4842898.45812756
12956885.18915523,4842898.45812756
12956885.18915523,4842899.907935109
12956885.18915523,4842949.201517447
12956885.18915523,4842949.201517447
12956885.18915523,4842950.651332388
12956885.18915523,4842950.651332388
12956885.18915523,4842950.651332388
12956885.18915523,4842950.651332388
12956885.18915523,4842950.651332388
12956885.18915523,4842952.101147537
12956885.18915523,4842952.101147537
12956885.18915523,4842952.101147537
12956886.302350137,4842952.101147537
12956886.302350137,4842952.101147537
12956886.302350137,4842952.101147537
12956886.302350137,4842952.101147537
12956886.302350137,4842952.101147537
12956886.302350137,4842952.101147537
12956886.302350137,4842952.101147537
12956886.302350137,4842952.101147537
12956886.302350137,4842952.101147537
12956886.302350137,4842952.101147537
12956886.302350137,4842952.101147537
12956886.302350137,4842952.101147537
12956886.302350137,4842952.101147537
12956887.415545044,4842953.550962902
12956887.415545044,4842953.550962902
12956887.415545044,4842953.550962902
12956887.415545044,4842953.550962902
12956887.415545044,4842953.550962902
12956887.415545044,4842953.550962902
12956887.415545044,4842953.550962902
12956887.415545044,4842955.000778475
12956887.415545044,4842955.000778475
12956887.415545044,4842955.000778475
12956887.415545044,4842955.000778475
12956887.415545044,4842955.000778475
12956887.415545044,4842955.000778475
12956887.415545044,4842955.000778475
12956887.415545044,4842955.000778475
12956887.415545044,4842955.000778475
12956887.415545044,4842955.000778475
12956887.415545044,4842956.450594258
12956887.415545044,4842956.450594258
12956887.415545044,4842956.450594258
12956887.415545044,4842956.450594258
12956887.415545044,4842956.450594258
12956887.415545044,4842956.450594258
12956887.415545044,4842956.450594258
12956888.528739953,4842956.450594258
12956888.528739953,4842956.450594258
12956888.528739953,4842956.450594258
12956888.528739953,4842956.450594258
12956888.528739953,4842956.450594258
12956888.528739953,4842956.450594258
12956888.528739953,4842956.450594258
12956888.528739953,4842956.450594258
12956888.528739953,4842956.450594258
12956888.528739953,4842956.450594258
12956888.528739953,4842956.450594258
12956888.528739953,4842956.450594258
12956888.528739953,4842956.450594258
12956888.528739953,4842955.000778475
12956888.528739953,4842955.000778475
12956888.528739953,4842955.000778475
12956889.641934862,4842955.000778475
12956889.641934862,4842955.000778475
12956889.641934862,4842955.000778475
12956889.641934862,4842955.000778475
12956889.641934862,4842955.000778475
12956889.641934862,4842953.550962902
12956889.641934862,4842953.550962902
12956889.641934862,4842953.550962902
12956889.641934862,4842953.550962902
12956889.641934862,4842953.550962902
12956889.641934862,4842953.550962902
12956889.641934862,4842953.550962902
12956889.641934862,4842953.550962902
12956889.641934862,4842953.550962902
12956889.641934862,4842953.550962902
12956889.641934862,4842953.550962902
12956889.641934862,4842953.550962902
12956889.641934862,4842953.550962902
12956889.641934862,4842953.550962902
12956889.641934862,4842953.550962902
12956889.641934862,4842953.550962902
12956889.641934862,4842953.550962902
12956889.641934862,4842953.550962902
12956889.641934862,4842953.550962902
12956889.641934862,4842953.550962902
12956890.75512977,4842953.550962902
12956890.75512977,4842953.550962902
12956890.75512977,4842953.550962902
12956890.75512977,4842953.550962902
12956890.75512977,4842953.550962902
12956890.75512977,4842953.550962902
12956890.75512977,4842953.550962902
12956890.75512977,4842953.550962902
12956890.75512977,4842953.550962902
12956890.75512977,4842953.550962902
12956890.75512977,4842953.550962902
12956890.75512977,4842953.550962902
12956890.75512977,4842953.550962902
12956890.75512977,4842953.550962902
12956890.75512977,4842953.550962902
12956890.75512977,4842953.550962902
12956890.75512977,4842953.550962902
12956890.75512977,4842953.550962902
12956890.75512977,4842953.550962902
12956890.75512977,4842953.550962902
12956890.75512977,4842953.550962902
12956890.75512977,4842953.550962902
12956890.75512977,4842953.550962902
12956890.75512977,4842953.550962902
12956891.868324677,4842953.550962902
12956891.868324677,4842953.550962902
12956891.868324677,4842953.550962902
12956891.868324677,4842953.550962902
12956891.868324677,4842953.550962902
12956891.868324677,4842953.550962902
12956891.868324677,4842953.550962902
12956891.868324677,4842953.550962902
12956891.868324677,4842953.550962902
12956891.868324677,4842953.550962902
12956891.868324677,4842953.550962902
12956891.868324677,4842953.550962902
12956891.868324677,4842953.550962902
12956891.868324677,4842953.550962902
12956891.868324677,4842953.550962902
12956891.868324677,4842953.550962902
12956891.868324677,4842953.550962902
12956891.868324677,4842955.000778475
12956891.868324677,4842955.000778475
12956891.868324677,4842955.000778475
12956891.868324677,4842955.000778475
12956891.868324677,4842955.000778475
12956891.868324677,4842955.000778475
12956891.868324677,4842955.000778475
12956891.868324677,4842955.000778475
12956891.868324677,4842955.000778475
12956891.868324677,4842953.550962902
12956891.868324677,4842953.550962902
12956891.868324677,4842953.550962902
12956891.868324677,4842953.550962902
12956891.868324677,4842953.550962902
12956891.868324677,4842953.550962902
12956891.868324677,4842953.550962902
12956891.868324677,4842953.550962902
12956891.868324677,4842953.550962902
12956891.868324677,4842953.550962902
12956892.981519585,4842953.550962902
12956892.981519585,4842953.550962902
12956892.981519585,4842953.550962902
12956892.981519585,4842953.550962902
12956892.981519585,4842953.550962902
12956892.981519585,4842953.550962902
12956892.981519585,4842953.550962902
12956892.981519585,4842953.550962902
12956892.981519585,4842953.550962902
12956892.981519585,4842953.550962902
12956892.981519585,4842953.550962902
12956892.981519585,4842953.550962902
12956892.981519585,4842953.550962902
12956892.981519585,4842955.000778475
12956892.981519585,4842955.000778475
12956892.981519585,4842955.000778475
12956892.981519585,4842955.000778475
12956892.981519585,4842955.000778475
12956892.981519585,4842955.000778475
12956892.981519585,4842955.000778475
12956892.981519585,4842955.000778475
12956892.981519585,4842955.000778475
12956892.981519585,4842955.000778475
12956892.981519585,4842955.000778475
12956892.981519585,4842955.000778475
12956892.981519585,4842955.000778475
12956892.981519585,4842955.000778475
12956892.981519585,4842955.000778475
12956892.981519585,4842955.000778475
12956892.981519585,4842955.000778475
12956892.981519585,4842955.000778475
12956892.981519585,4842955.000778475
12956892.981519585,4842955.000778475
12956892.981519585,4842955.000778475
12956894.094714493,4842955.000778475
12956894.094714493,4842955.000778475
12956894.094714493,4842955.000778475
12956894.094714493,4842955.000778475
12956894.094714493,4842955.000778475
12956894.094714493,4842956.450594258
12956894.094714493,4842956.450594258
12956894.094714493,4842956.450594258
12956894.094714493,4842956.450594258
12956894.094714493,4842956.450594258
12956894.094714493,4842956.450594258
12956894.094714493,4842956.450594258
12956894.094714493,4842956.450594258
12956894.094714493,4842956.450594258
12956894.094714493,4842956.450594258
12956894.094714493,4842956.450594258
12956894.094714493,4842956.450594258
12956894.094714493,4842956.450594258
12956894.094714493,4842956.450594258
12956895.207909402,4842956.450594258
12956895.207909402,4842956.450594258
12956895.207909402,4842956.450594258
12956895.207909402,4842956.450594258
12956895.207909402,4842956.450594258
12956895.207909402,4842956.450594258
12956895.207909402,4842956.450594258
12956895.207909402,4842956.450594258
12956895.207909402,4842956.450594258
12956895.207909402,4842956.450594258
12956895.207909402,4842956.450594258
12956895.207909402,4842956.450594258
12956895.207909402,4842956.450594258
12956895.207909402,4842956.450594258
12956895.207909402,4842956.450594258
12956895.207909402,4842956.450594258
12956895.207909402,4842956.450594258
12956895.207909402,4842956.450594258
12956895.207909402,4842956.450594258
12956895.207909402,4842956.450594258
12956895.207909402,4842956.450594258
12956895.207909402,4842956.450594258
12956895.207909402,4842956.450594258
12956895.207909402,4842956.450594258
12956895.207909402,4842956.450594258
12956895.207909402,4842956.450594258
12956895.207909402,4842956.450594258
12956895.207909402,4842956.450594258
12956895.207909402,4842956.450594258
12956895.207909402,4842956.450594258
12956895.207909402,4842956.450594258
12956895.207909402,4842956.450594258
12956895.207909402,4842956.450594258
12956895.207909402,4842956.450594258
12956895.207909402,4842956.450594258
12956895.207909402,4842956.450594258
12956895.207909402,4842956.450594258
12956895.207909402,4842956.450594258
12956895.207909402,4842957.900410255
12956895.207909402,4842957.900410255
12956895.207909402,4842957.900410255
12956895.207909402,4842957.900410255
12956895.207909402,4842957.900410255
12956895.207909402,4842957.900410255
12956895.207909402,4842957.900410255
12956895.207909402,4842957.900410255
12956895.207909402,4842957.900410255
12956895.207909402,4842957.900410255
12956895.207909402,4842957.900410255
12956895.207909402,4842957.900410255
12956895.207909402,4842957.900410255
12956895.207909402,4842957.900410255
12956895.207909402,4842957.900410255
12956895.207909402,4842957.900410255
12956896.321104309,4842957.900410255
12956896.321104309,4842957.900410255
12956896.321104309,4842957.900410255
12956896.321104309,4842957.900410255
12956896.321104309,4842957.900410255
12956896.321104309,4842957.900410255
12956896.321104309,4842957.900410255
12956896.321104309,4842957.900410255
12956896.321104309,4842959.35022646
12956896.321104309,4842959.35022646
12956896.321104309,4842959.35022646
12956896.321104309,4842959.35022646
12956896.321104309,4842959.35022646
12956896.321104309,4842959.35022646
12956896.321104309,4842959.35022646
12956896.321104309,4842959.35022646
12956896.321104309,4842959.35022646
12956896.321104309,4842959.35022646
12956896.321104309,4842959.35022646
12956896.321104309,4842959.35022646
12956896.321104309,4842959.35022646
12956896.321104309,4842959.35022646
12956896.321104309,4842959.35022646
12956896.321104309,4842959.35022646
12956896.321104309,4842959.35022646
12956896.321104309,4842959.35022646
12956896.321104309,4842959.35022646
12956896.321104309,4842960.80004288
12956896.321104309,4842960.80004288
12956896.321104309,4842960.80004288
12956896.321104309,4842960.80004288
12956896.321104309,4842960.80004288
12956896.321104309,4842960.80004288
12956896.321104309,4842960.80004288
12956896.321104309,4842960.80004288
12956896.321104309,4842960.80004288
12956896.321104309,4842960.80004288
12956896.321104309,4842960.80004288
12956896.321104309,4842960.80004288
12956896.321104309,4842962.249859509
12956896.321104309,4842962.249859509
12956896.321104309,4842962.249859509
12956896.321104309,4842962.249859509
12956896.321104309,4842962.249859509
12956896.321104309,4842962.249859509
12956896.321104309,4842962.249859509
12956896.321104309,4842962.249859509
12956896.321104309,4842962.249859509
12956896.321104309,4842962.249859509
12956896.321104309,4842962.249859509
12956896.321104309,4842962.249859509
12956896.321104309,4842962.249859509
12956896.321104309,4842962.249859509
12956896.321104309,4842962.249859509
12956896.321104309,4842962.249859509
12956896.321104309,4842962.249859509
12956896.321104309,4842962.249859509
12956896.321104309,4842962.249859509
12956896.321104309,4842962.249859509
12956896.321104309,4842962.249859509
12956896.321104309,4842962.249859509
12956896.321104309,4842962.249859509
12956896.321104309,4842962.249859509
12956896.321104309,4842962.249859509
12956896.321104309,4842962.249859509
12956896.321104309,4842962.249859509
12956896.321104309,4842962.249859509
12956896.321104309,4842962.249859509
12956896.321104309,4842962.249859509
12956896.321104309,4842962.249859509
12956896.321104309,4842962.249859509
12956896.321104309,4842962.249859509
12956896.321104309,4842962.249859509
12956896.321104309,4842962.249859509
12956896.321104309,4842962.249859509
12956896.321104309,4842962.249859509
12956896.321104309,4842962.249859509
12956896.321104309,4842962.249859509
12956896.321104309,4842962.249859509
12956896.321104309,4842962.249859509
12956896.321104309,4842962.249859509
12956896.321104309,4842962.249859509
12956896.321104309,4842962.249859509
12956896.321104309,4842962.249859509
12956896.321104309,4842962.249859509
12956896.321104309,4842962.249859509
12956896.321104309,4842962.249859509
12956896.321104309,4842962.249859509
12956896.321104309,4842962.249859509
12956896.321104309,4842962.249859509
12956896.321104309,4842962.249859509
12956896.321104309,4842962.249859509
12956896.321104309,4842962.249859509
12956896.321104309,4842962.249859509
12956896.321104309,4842962.249859509
12956896.321104309,4842962.249859509
12956896.321104309,4842962.249859509
12956896.321104309,4842962.249859509
12956896.321104309,4842962.249859509
12956896.321104309,4842962.249859509
12956896.321104309,4842962.249859509
12956896.321104309,4842962.249859509
12956896.321104309,4842962.249859509
12956896.321104309,4842962.249859509
12956896.321104309,4842962.249859509
12956896.321104309,4842962.249859509
12956896.321104309,4842962.249859509
12956896.321104309,4842962.249859509
12956896.321104309,4842962.249859509
12956896.321104309,4842962.249859509
12956896.321104309,4842962.249859509
12956896.321104309,4842962.249859509
12956896.321104309,4842962.249859509
12956896.321104309,4842962.249859509
12956896.321104309,4842962.249859509
12956896.321104309,4842962.249859509
12956896.321104309,4842962.249859509
12956896.321104309,4842962.249859509
12956896.321104309,4842962.249859509
12956896.321104309,4842962.249859509
12956896.321104309,4842962.249859509
12956896.321104309,4842962.249859509
12956896.321104309,4842962.249859509
12956896.321104309,4842962.249859509
12956896.321104309,4842962.249859509
12956896.321104309,4842962.249859509
12956896.321104309,4842962.249859509
12956896.321104309,4842962.249859509
12956896.321104309,4842962.249859509
12956896.321104309,4842962.249859509
12956896.321104309,4842962.249859509
12956896.321104309,4842962.249859509
12956896.321104309,4842962.249859509
12956896.321104309,4842962.249859509
12956896.321104309,4842962.249859509
12956896.321104309,4842962.249859509
12956896.321104309,4842962.249859509
12956896.321104309,4842962.249859509
12956896.321104309,4842962.249859509
12956896.321104309,4842962.249859509
12956896.321104309,4842962.249859509
12956896.321104309,4842962.249859509
12956896.321104309,4842962.249859509
12956896.321104309,4842962.249859509
12956896.321104309,4842962.249859509
12956896.321104309,4842962.249859509
12956896.321104309,4842962.249859509
12956896.321104309,4842962.249859509
12956896.321104309,4842962.249859509
12956896.321104309,4842962.249859509
12956896.321104309,4842962.249859509
12956896.321104309,4842962.249859509
12956896.321104309,4842962.249859509
12956897.434299216,4842962.249859509
12956897.434299216,4842962.249859509
12956897.434299216,4842962.249859509
12956897.434299216,4842962.249859509
12956897.434299216,4842962.249859509
12956897.434299216,4842962.249859509
12956897.434299216,4842962.249859509
12956897.434299216,4842962.249859509
12956897.434299216,4842962.249859509
12956897.434299216,4842962.249859509
12956897.434299216,4842962.249859509
12956897.434299216,4842962.249859509
12956897.434299216,4842962.249859509
12956897.434299216,4842962.249859509
12956897.434299216,4842962.249859509
12956897.434299216,4842962.249859509
12956897.434299216,4842962.249859509
12956897.434299216,4842963.699676351
12956897.434299216,4842963.699676351
12956897.434299216,4842963.699676351
12956897.434299216,4842963.699676351
12956897.434299216,4842963.699676351
12956897.434299216,4842963.699676351
12956897.434299216,4842963.699676351
12956897.434299216,4842963.699676351
12956897.434299216,4842963.699676351
12956897.434299216,4842963.699676351
12956897.434299216,4842963.699676351
12956897.434299216,4842963.699676351
12956897.434299216,4842963.699676351
12956897.434299216,4842963.699676351
12956897.434299216,4842963.699676351
12956897.434299216,4842963.699676351
12956897.434299216,4842963.699676351
12956897.434299216,4842963.699676351
12956897.434299216,4842963.699676351
12956897.434299216,4842963.699676351
12956897.434299216,4842963.699676351
12956897.434299216,4842963.699676351
12956897.434299216,4842963.699676351
12956897.434299216,4842963.699676351
12956897.434299216,4842963.699676351
12956897.434299216,4842963.699676351
12956897.434299216,4842963.699676351
12956897.434299216,4842963.699676351
12956897.434299216,4842963.699676351
12956897.434299216,4842963.699676351
12956897.434299216,4842963.699676351
12956897.434299216,4842963.699676351
12956897.434299216,4842963.699676351
12956897.434299216,4842963.699676351
12956897.434299216,4842963.699676351
12956897.434299216,4842963.699676351
12956897.434299216,4842963.699676351
12956897.434299216,4842963.699676351
12956897.434299216,4842963.699676351
12956897.434299216,4842963.699676351
12956897.434299216,4842963.699676351
12956897.434299216,4842963.699676351
12956897.434299216,4842963.699676351
12956897.434299216,4842963.699676351
12956897.434299216,4842963.699676351
12956897.434299216,4842963.699676351
12956897.434299216,4842963.699676351
12956897.434299216,4842963.699676351
12956897.434299216,4842963.699676351
12956897.434299216,4842965.149493401
12956897.434299216,4842965.149493401
12956897.434299216,4842965.149493401
12956897.434299216,4842965.149493401
12956897.434299216,4842965.149493401
12956897.434299216,4842965.149493401
12956897.434299216,4842965.149493401
12956897.434299216,4842965.149493401
12956897.434299216,4842965.149493401
12956897.434299216,4842965.149493401
12956897.434299216,4842965.149493401
12956897.434299216,4842965.149493401
12956897.434299216,4842965.149493401
12956897.434299216,4842965.149493401
12956897.434299216,4842965.149493401
12956897.434299216,4842965.149493401
12956897.434299216,4842965.149493401
12956897.434299216,4842965.149493401
12956897.434299216,4842965.149493401
12956897.434299216,4842965.149493401
12956897.434299216,4842965.149493401
12956897.434299216,4842965.149493401
12956897.434299216,4842965.149493401
12956897.434299216,4842965.149493401
12956897.434299216,4842965.149493401
12956897.434299216,4842965.149493401
12956897.434299216,4842965.149493401
12956897.434299216,4842965.149493401
12956897.434299216,4842965.149493401
12956897.434299216,4842965.149493401
12956897.434299216,4842965.149493401
12956897.434299216,4842965.149493401
12956897.434299216,4842965.149493401
12956897.434299216,4842965.149493401
12956897.434299216,4842965.149493401
12956897.434299216,4842965.149493401
12956897.434299216,4842965.149493401
12956897.434299216,4842965.149493401
12956897.434299216,4842965.149493401
12956897.434299216,4842965.149493401
12956897.434299216,4842965.149493401
12956897.434299216,4842965.149493401
12956897.434299216,4842965.149493401
12956897.434299216,4842965.149493401
12956897.434299216,4842965.149493401
12956897.434299216,4842965.149493401
12956897.434299216,4842965.149493401
12956897.434299216,4842966.599310664
12956897.434299216,4842966.599310664
12956897.434299216,4842966.599310664
12956897.434299216,4842966.599310664
12956897.434299216,4842966.599310664
12956897.434299216,4842966.599310664
12956897.434299216,4842966.599310664
12956897.434299216,4842966.599310664
12956897.434299216,4842966.599310664
12956897.434299216,4842966.599310664
12956897.434299216,4842966.599310664
12956897.434299216,4842966.599310664
12956897.434299216,4842966.599310664
12956897.434299216,4842966.599310664
12956897.434299216,4842966.599310664
12956897.434299216,4842966.599310664
12956897.434299216,4842966.599310664
12956897.434299216,4842966.599310664
12956897.434299216,4842966.599310664
12956897.434299216,4842966.599310664
12956897.434299216,4842966.599310664
12956897.434299216,4842966.599310664
12956897.434299216,4842966.599310664
12956897.434299216,4842966.599310664
12956897.434299216,4842966.599310664
12956897.434299216,4842966.599310664
12956897.434299216,4842966.599310664
12956897.434299216,4842966.599310664
12956897.434299216,4842966.599310664
12956897.434299216,4842966.599310664
12956897.434299216,4842966.599310664
12956897.434299216,4842966.599310664
12956897.434299216,4842966.599310664
12956897.434299216,4842966.599310664
12956897.434299216,4842966.599310664
12956897.434299216,4842966.599310664
12956897.434299216,4842966.599310664
12956897.434299216,4842966.599310664
12956897.434299216,4842966.599310664
12956897.434299216,4842966.599310664
12956897.434299216,4842966.599310664
12956897.434299216,4842966.599310664
12956897.434299216,4842966.599310664
12956897.434299216,4842966.599310664
12956897.434299216,4842966.599310664
12956897.434299216,4842966.599310664
12956897.434299216,4842966.599310664
12956897.434299216,4842966.599310664
12956897.434299216,4842966.599310664
12956897.434299216,4842966.599310664
12956897.434299216,4842966.599310664
12956897.434299216,4842966.599310664
12956897.434299216,4842966.599310664
12956897.434299216,4842966.599310664
12956897.434299216,4842966.599310664
12956897.434299216,4842966.599310664
12956897.434299216,4842966.599310664
12956897.434299216,4842966.599310664
12956897.434299216,4842966.599310664
12956897.434299216,4842966.599310664
12956897.434299216,4842966.599310664
12956897.434299216,4842966.599310664
12956897.434299216,4842966.599310664
12956897.434299216,4842966.599310664
12956897.434299216,4842966.599310664
12956897.434299216,4842966.599310664
12956897.434299216,4842966.599310664
12956897.434299216,4842966.599310664
12956897.434299216,4842966.599310664
12956897.434299216,4842966.599310664
12956897.434299216,4842966.599310664
12956897.434299216,4842966.599310664
12956897.434299216,4842966.599310664
12956897.434299216,4842966.599310664
12956897.434299216,4842966.599310664
12956897.434299216,4842966.599310664
12956897.434299216,4842966.599310664
12956897.434299216,4842966.599310664
12956897.434299216,4842966.599310664
12956897.434299216,4842966.599310664
12956897.434299216,4842966.599310664
12956897.434299216,4842966.599310664
12956897.434299216,4842966.599310664
12956897.434299216,4842966.599310664
12956897.434299216,4842966.599310664
12956897.434299216,4842966.599310664
12956897.434299216,4842966.599310664
12956897.434299216,4842966.599310664
12956897.434299216,4842966.599310664
12956897.434299216,4842966.599310664
12956897.434299216,4842966.599310664
12956897.434299216,4842966.599310664
12956897.434299216,4842966.599310664
12956897.434299216,4842966.599310664
12956897.434299216,4842966.599310664
12956897.434299216,4842966.599310664
12956897.434299216,4842966.599310664
12956897.434299216,4842966.599310664
12956897.434299216,4842966.599310664
12956897.434299216,4842966.599310664
12956897.434299216,4842966.599310664
12956897.434299216,4842966.599310664
12956897.434299216,4842966.599310664
12956897.434299216,4842966.599310664
12956897.434299216,4842966.599310664
12956897.434299216,4842966.599310664
12956897.434299216,4842966.599310664
12956897.434299216,4842966.599310664
12956897.434299216,4842966.599310664
12956897.434299216,4842966.599310664
12956897.434299216,4842966.599310664
12956897.434299216,4842966.599310664
12956897.434299216,4842966.599310664
12956897.434299216,4842966.599310664
12956897.434299216,4842966.599310664
12956897.434299216,4842966.599310664
12956897.434299216,4842966.599310664
12956897.434299216,4842966.599310664
12956897.434299216,4842966.599310664
12956897.434299216,4842966.599310664
12956897.434299216,4842966.599310664
12956897.434299216,4842966.599310664
12956897.434299216,4842966.599310664
12956897.434299216,4842966.599310664
12956897.434299216,4842966.599310664
12956897.434299216,4842966.599310664
12956897.434299216,4842966.599310664
12956897.434299216,4842966.599310664
12956897.434299216,4842966.599310664
12956897.434299216,4842966.599310664
12956897.434299216,4842966.599310664
12956897.434299216,4842966.599310664
12956897.434299216,4842966.599310664
12956897.434299216,4842966.599310664
12956897.434299216,4842966.599310664
12956897.434299216,4842966.599310664
12956897.434299216,4842966.599310664
12956897.434299216,4842968.0491281375
12956897.434299216,4842968.0491281375
12956897.434299216,4842968.0491281375
12956897.434299216,4842968.0491281375
12956897.434299216,4842968.0491281375
12956897.434299216,4842968.0491281375
12956897.434299216,4842968.0491281375
12956897.434299216,4842968.0491281375
12956897.434299216,4842968.0491281375
12956897.434299216,4842968.0491281375
12956897.434299216,4842968.0491281375
12956897.434299216,4842968.0491281375
12956897.434299216,4842968.0491281375
12956897.434299216,4842968.0491281375
12956897.434299216,4842968.0491281375
12956897.434299216,4842968.0491281375
12956897.434299216,4842968.0491281375
12956897.434299216,4842968.0491281375
12956897.434299216,4842968.0491281375
12956897.434299216,4842968.0491281375
12956897.434299216,4842968.0491281375
12956897.434299216,4842968.0491281375
12956897.434299216,4842968.0491281375
12956897.434299216,4842968.0491281375
12956897.434299216,4842968.0491281375
12956897.434299216,4842968.0491281375
12956897.434299216,4842968.0491281375
12956897.434299216,4842968.0491281375
12956897.434299216,4842968.0491281375
12956897.434299216,4842968.0491281375
12956897.434299216,4842968.0491281375
12956897.434299216,4842968.0491281375
12956897.434299216,4842968.0491281375
12956897.434299216,4842968.0491281375
12956897.434299216,4842968.0491281375
12956896.321104309,4842968.0491281375
12956896.321104309,4842968.0491281375
12956896.321104309,4842968.0491281375
12956896.321104309,4842968.0491281375
12956920.811392283,4842937.603005528
12956920.811392283,4842937.603005528
12956920.811392283,4842937.603005528
12956920.811392283,4842939.052818778
12956919.698197378,4842940.502632242
12956919.698197378,4842940.502632242
12956918.585002467,4842941.952445913
12956918.585002467,4842943.402259797
12956917.471807562,4842944.852073894
12956917.471807562,4842946.301888199
12956917.471807562,4842947.751702718
12956916.358612655,4842947.751702718
12956916.358612655,4842947.751702718
12956916.358612655,4842947.751702718
12956915.245417746,4842949.201517447
12956915.245417746,4842949.201517447
12956915.245417746,4842949.201517447
12956915.245417746,4842949.201517447
12956914.132222835,4842949.201517447
12956914.132222835,4842950.651332388
12956914.132222835,4842950.651332388
12956913.019027928,4842950.651332388
12956913.019027928,4842950.651332388
12956913.019027928,4842950.651332388
12956913.019027928,4842950.651332388
12956913.019027928,4842950.651332388
12956913.019027928,4842952.101147537
12956911.905833019,4842952.101147537
12956911.905833019,4842952.101147537
12956911.905833019,4842953.550962902
12956910.792638112,4842953.550962902
12956910.792638112,4842953.550962902
12956910.792638112,4842953.550962902
12956910.792638112,4842955.000778475
12956910.792638112,4842955.000778475
12956910.792638112,4842956.450594258
12956909.679443207,4842956.450594258
12956909.679443207,4842956.450594258
12956909.679443207,4842956.450594258
12956909.679443207,4842956.450594258
12956909.679443207,4842957.900410255
12956909.679443207,4842957.900410255
12956909.679443207,4842957.900410255
12956909.679443207,4842957.900410255
12956908.566248296,4842957.900410255
12956908.566248296,4842959.35022646
12956908.566248296,4842959.35022646
12956907.45305339,4842959.35022646
12956907.45305339,4842959.35022646
12956907.45305339,4842960.80004288
12956907.45305339,4842960.80004288
12956907.45305339,4842960.80004288
12956907.45305339,4842960.80004288
12956907.45305339,4842960.80004288
12956906.33985848,4842960.80004288
12956906.33985848,4842962.249859509
12956906.33985848,4842962.249859509
12956906.33985848,4842962.249859509
12956906.33985848,4842962.249859509
12956906.33985848,4842962.249859509
12956905.226663573,4842963.699676351
12956905.226663573,4842963.699676351
12956905.226663573,4842963.699676351
12956905.226663573,4842965.149493401
12956904.113468664,4842965.149493401
12956904.113468664,4842965.149493401
12956904.113468664,4842965.149493401
12956904.113468664,4842966.599310664
12956904.113468664,4842966.599310664
12956904.113468664,4842966.599310664
12956904.113468664,4842966.599310664
12956904.113468664,4842966.599310664
12956904.113468664,4842966.599310664
12956904.113468664,4842966.599310664
12956904.113468664,4842966.599310664
12956903.000273757,4842966.599310664
12956903.000273757,4842966.599310664
12956903.000273757,4842966.599310664
12956903.000273757,4842968.0491281375
12956903.000273757,4842968.0491281375
12956903.000273757,4842968.0491281375
12956903.000273757,4842968.0491281375
12956903.000273757,4842968.0491281375
12956903.000273757,4842969.49894582
12956903.000273757,4842969.49894582
12956903.000273757,4842969.49894582
12956901.887078848,4842970.948763718
12956901.887078848,4842970.948763718
12956901.887078848,4842970.948763718
12956901.887078848,4842970.948763718
12956901.887078848,4842970.948763718
12956901.887078848,4842970.948763718
12956901.887078848,4842970.948763718
12956900.77388394,4842972.398581828
12956900.77388394,4842972.398581828
12956900.77388394,4842972.398581828
12956900.77388394,4842972.398581828
12956900.77388394,4842972.398581828
12956868.491231611,4843017.343047873
12956867.378036702,4843017.343047873
12956868.491231611,4843017.343047873
12956868.491231611,4843017.343047873
12956869.60442652,4843015.893223221
12956869.60442652,4843015.893223221
12956869.60442652,4843014.443398778
12956869.60442652,4843014.443398778
12956870.717621427,4843014.443398778
12956870.717621427,4843014.443398778
12956870.717621427,4843012.993574549
12956871.830816334,4843012.993574549
12956876.283595966,4843007.194279739
12956879.623180691,4843001.394988307
12956894.094714493,4842976.748037416
12956898.547494125,4842970.948763718
12956898.547494125,4842970.948763718
12956898.547494125,4842970.948763718
12956898.547494125,4842970.948763718
12956898.547494125,4842970.948763718
12956898.547494125,4842970.948763718
12956894.094714493,4842962.249859509
12956900.77388394,4842937.603005528
12956917.471807562,4842921.655073701
12956946.414875166,4842782.4742075885
12956948.641264983,4842678.08983489
12956947.528070075,4842607.051095996
12956953.094044615,4842511.367065184
12956976.47113768,4842356.244908488
12956976.47113768,4842356.244908488
12956978.697527496,4842292.457059331
12956978.697527496,4842292.457059331
12956985.376696944,4842204.02458083
12956988.716281667,4842114.143194424
12956990.942671483,4842112.693501292
12956993.1690613,4842112.693501292
12956993.1690613,4842112.693501292
12956993.1690613,4842112.693501292
12956994.282256208,4842112.693501292
12956994.282256208,4842112.693501292
12956994.282256208,4842112.693501292
12956994.282256208,4842112.693501292
12956994.282256208,4842112.693501292
12956994.282256208,4842112.693501292
12956993.1690613,4842112.693501292
12956993.1690613,4842112.693501292
12956994.282256208,4842112.693501292
12956994.282256208,4842112.693501292
12956994.282256208,4842112.693501292
12956994.282256208,4842112.693501292
12956994.282256208,4842101.0959638385
12957015.432959458,4842092.397819609
12957035.4704678,4842160.533486091
12957034.357272895,4842221.421071918
12957042.149637247,4842312.753148827
12957046.602416879,4842372.191934633
12957042.149637247,4842520.065575437
12957041.03644234,4842583.85488287
12957072.205899764,4842598.352509738
12957085.564238658,4842599.802273589
12957097.809382645,4842602.701801919
12957108.941331724,4842599.802273589
12957126.75245025,4842602.701801919
12957135.658009514,4842604.151566398
12957140.110789146,4842605.60133109
12957140.110789146,4842605.60133109
12957140.110789146,4842605.60133109
12957154.582322951,4842620.098989627
12957159.035102583,4842627.347826816
12957166.827466935,4842633.146900361
12957174.619831294,4842637.496207737
12957176.846221106,4842637.496207737
12957176.846221106,4842636.046438402
12957177.959416017,4842636.046438402
12957177.959416017,4842637.496207737
12957177.959416017,4842637.496207737
12957177.959416017,4842637.496207737
12957177.959416017,4842637.496207737
12957176.846221106,4842637.496207737
12957176.846221106,4842637.496207737
12957176.846221106,4842637.496207737
12957176.846221106,4842637.496207737
12957176.846221106,4842637.496207737
12957176.846221106,4842637.496207737
12957176.846221106,4842637.496207737
12957175.7330262,4842638.945977287
12957175.7330262,4842638.945977287
12957175.7330262,4842638.945977287
12957175.7330262,4842638.945977287
12957176.846221106,4842638.945977287
12957176.846221106,4842638.945977287
12957176.846221106,4842638.945977287
12957175.7330262,4842640.39574705
12957174.619831294,4842640.39574705
12957174.619831294,4842640.39574705
12957174.619831294,4842640.39574705
12957174.619831294,4842640.39574705
12957173.506636385,4842641.845517019
12957173.506636385,4842641.845517019
12957172.393441478,4842641.845517019
12957172.393441478,4842641.845517019
12957171.280246567,4842643.295287198
12957171.280246567,4842643.295287198
12957171.280246567,4842643.295287198
12957171.280246567,4842643.295287198
12957171.280246567,4842643.295287198
12957172.393441478,4842643.295287198
12957172.393441478,4842643.295287198
12957172.393441478,4842643.295287198
12957172.393441478,4842643.295287198
12957172.393441478,4842643.295287198
12957172.393441478,4842643.295287198
12957172.393441478,4842643.295287198
12957172.393441478,4842643.295287198
12957172.393441478,4842643.295287198
12957173.506636385,4842643.295287198
12957173.506636385,4842643.295287198
12957173.506636385,4842643.295287198
12957173.506636385,4842643.295287198
12957173.506636385,4842643.295287198
12957173.506636385,4842643.295287198
12957173.506636385,4842643.295287198
12957173.506636385,4842643.295287198
12957173.506636385,4842643.295287198
12957173.506636385,4842643.295287198
12957173.506636385,4842643.295287198
12957173.506636385,4842643.295287198
12957173.506636385,4842643.295287198
12957173.506636385,4842643.295287198
12957173.506636385,4842643.295287198
12957173.506636385,4842643.295287198
12957173.506636385,4842643.295287198
12957173.506636385,4842643.295287198
12957172.393441478,4842643.295287198
12957172.393441478,4842643.295287198
12957172.393441478,4842644.745057589
12957172.393441478,4842644.745057589
12957172.393441478,4842644.745057589
12957171.280246567,4842644.745057589
12957171.280246567,4842644.745057589
12957172.393441478,4842644.745057589
12957172.393441478,4842644.745057589
12957172.393441478,4842644.745057589
12957172.393441478,4842644.745057589
12957172.393441478,4842644.745057589
12957172.393441478,4842644.745057589
12957172.393441478,4842644.745057589
12957172.393441478,4842644.745057589
12957172.393441478,4842644.745057589
12957171.280246567,4842644.745057589
12957171.280246567,4842644.745057589
12957171.280246567,4842644.745057589
12957171.280246567,4842644.745057589
12957171.280246567,4842644.745057589
12957170.167051662,4842644.745057589
12957170.167051662,4842644.745057589
12957145.676763685,4842647.644599012
12957145.676763685,4842647.644599012
12957145.676763685,4842647.644599012
12957145.676763685,4842647.644599012
12957145.676763685,4842647.644599012
12957145.676763685,4842647.644599012
12957146.789958593,4842647.644599012
12957146.789958593,4842647.644599012
12957146.789958593,4842647.644599012
12957146.789958593,4842647.644599012
12957146.789958593,4842647.644599012
12957146.789958593,4842647.644599012
12957146.789958593,4842647.644599012
12957146.789958593,4842647.644599012
12957146.789958593,4842647.644599012
12957146.789958593,4842647.644599012
12957146.789958593,4842647.644599012
12957146.789958593,4842647.644599012
12957146.789958593,4842647.644599012
12957146.789958593,4842647.644599012
12957146.789958593,4842647.644599012
12957147.903153501,4842647.644599012
12957147.903153501,4842647.644599012
12957147.903153501,4842647.644599012
12957147.903153501,4842647.644599012
12957147.903153501,4842647.644599012
12957147.903153501,4842647.644599012
12957147.903153501,4842647.644599012
12957147.903153501,4842647.644599012
12957147.903153501,4842647.644599012
12957147.903153501,4842647.644599012
12957147.903153501,4842647.644599012
12957147.903153501,4842647.644599012
12957147.903153501,4842647.644599012
12957147.903153501,4842647.644599012
12957147.903153501,4842647.644599012
12957147.903153501,4842647.644599012
12957147.903153501,4842647.644599012
12957147.903153501,4842647.644599012
12957147.903153501,4842647.644599012
12957147.903153501,4842647.644599012
12957147.903153501,4842647.644599012
12957147.903153501,4842647.644599012
12957147.903153501,4842647.644599012
12957147.903153501,4842647.644599012
12957147.903153501,4842647.644599012
12957147.903153501,4842647.644599012
12957147.903153501,4842647.644599012
12957147.903153501,4842647.644599012
12957147.903153501,4842647.644599012
12957147.903153501,4842647.644599012
12957147.903153501,4842647.644599012
12957147.903153501,4842649.094370036
12957147.903153501,4842647.644599012
12957147.903153501,4842647.644599012
12957149.016348412,4842647.644599012
12957149.016348412,4842647.644599012
12957180.185805833,4842625.898058955
12957180.185805833,4842625.898058955
12957179.072610926,4842625.898058955
12957179.072610926,4842625.898058955
12957179.072610926,4842627.347826816
12957163.487882212,4842646.1948281955
12957163.487882212,4842646.1948281955
12957162.374687307,4842646.1948281955
12957162.374687307,4842647.644599012
12957161.261492396,4842647.644599012
12957161.261492396,4842647.644599012
12957161.261492396,4842647.644599012
12957160.14829749,4842647.644599012
12957160.14829749,4842647.644599012
12957160.14829749,4842647.644599012
12957160.14829749,4842647.644599012
12957160.14829749,4842647.644599012
12957160.14829749,4842647.644599012
12957160.14829749,4842647.644599012
12957160.14829749,4842647.644599012
12957160.14829749,4842646.1948281955
12957161.261492396,4842646.1948281955
12957161.261492396,4842646.1948281955
12957161.261492396,4842646.1948281955
12957162.374687307,4842646.1948281955
12957162.374687307,4842646.1948281955
12957162.374687307,4842646.1948281955
12957162.374687307,4842644.745057589
12957162.374687307,4842644.745057589
12957162.374687307,4842644.745057589
12957162.374687307,4842644.745057589
12957121.186475711,4842636.046438402
12957121.186475711,4842636.046438402
12957121.186475711,4842636.046438402
12957121.186475711,4842636.046438402
12957164.601077123,4842647.644599012
12957164.601077123,4842647.644599012
12957164.601077123,4842647.644599012
12957164.601077123,4842647.644599012
12957164.601077123,4842647.644599012
12957163.487882212,4842647.644599012
12957162.374687307,4842647.644599012
12957162.374687307,4842649.094370036
12957161.261492396,4842649.094370036
12957160.14829749,4842649.094370036
12957159.035102583,4842649.094370036
12957159.035102583,4842649.094370036
12957159.035102583,4842649.094370036
12957157.921907675,4842649.094370036
12957157.921907675,4842649.094370036
12957157.921907675,4842649.094370036
12957156.808712764,4842649.094370036
12957156.808712764,4842649.094370036
12957156.808712764,4842649.094370036
12957156.808712764,4842649.094370036
12957156.808712764,4842649.094370036
12957155.695517857,4842649.094370036
12957154.582322951,4842649.094370036
12957154.582322951,4842649.094370036
12957153.46912804,4842649.094370036
12957153.46912804,4842649.094370036
12957153.46912804,4842649.094370036
12957123.412865527,4842634.596669278
12957123.412865527,4842634.596669278
12957146.789958593,4842657.793000623
12957145.676763685,4842657.793000623
12957146.789958593,4842657.793000623
12957146.789958593,4842657.793000623
12957146.789958593,4842657.793000623
12957146.789958593,4842659.24277313
12957146.789958593,4842659.24277313
12957146.789958593,4842659.24277313
12957146.789958593,4842659.24277313
12957146.789958593,4842659.24277313
12957146.789958593,4842659.24277313
12957146.789958593,4842659.24277313
12957146.789958593,4842657.793000623
12957146.789958593,4842657.793000623
12957146.789958593,4842657.793000623
12957146.789958593,4842657.793000623
12957146.789958593,4842657.793000623
12957146.789958593,4842657.793000623
12957146.789958593,4842657.793000623
12957146.789958593,4842657.793000623
12957146.789958593,4842657.793000623
12957146.789958593,4842657.793000623
12957147.903153501,4842657.793000623
12957147.903153501,4842656.343228332
12957147.903153501,4842656.343228332
12957147.903153501,4842656.343228332
12957149.016348412,4842656.343228332
12957149.016348412,4842656.343228332
12957149.016348412,4842654.893456253
12957149.016348412,4842654.893456253
12957185.751780372,4842627.347826816
12957185.751780372,4842628.797594885
12957183.525390556,4842628.797594885
12957177.959416017,4842631.697131655
12957173.506636385,4842634.596669278
12957167.940661846,4842636.046438402
12957163.487882212,4842637.496207737
12957161.261492396,4842638.945977287
12957160.14829749,4842638.945977287
12957160.14829749,4842638.945977287
12957160.14829749,4842638.945977287
12957160.14829749,4842638.945977287
12957160.14829749,4842638.945977287
12957160.14829749,4842638.945977287
12957161.261492396,4842638.945977287
12957161.261492396,4842638.945977287
12957161.261492396,4842638.945977287
12957161.261492396,4842638.945977287
12957161.261492396,4842638.945977287
12957161.261492396,4842638.945977287
12957161.261492396,4842638.945977287
12957161.261492396,4842638.945977287
12957161.261492396,4842638.945977287
12957161.261492396,4842638.945977287
12957161.261492396,4842638.945977287
12957161.261492396,4842638.945977287
12957161.261492396,4842638.945977287
12957161.261492396,4842637.496207737
12957161.261492396,4842637.496207737
12957153.46912804,4842617.199456231
12957153.46912804,4842617.199456231
12957153.46912804,4842617.199456231
12957153.46912804,4842618.649222823
12957153.46912804,4842618.649222823
12957153.46912804,4842618.649222823
12957153.46912804,4842620.098989627
12957153.46912804,4842620.098989627
12957153.46912804,4842621.548756645
12957152.355933135,4842622.99852387
12957152.355933135,4842622.99852387
12957152.355933135,4842622.99852387
12957152.355933135,4842622.99852387
12957152.355933135,4842624.448291305
12957153.46912804,4842624.448291305
12957153.46912804,4842624.448291305
12957152.355933135,4842624.448291305
12957152.355933135,4842625.898058955
12957152.355933135,4842625.898058955
12957152.355933135,4842625.898058955
12957152.355933135,4842625.898058955
12957153.46912804,4842625.898058955
12957153.46912804,4842627.347826816
12957153.46912804,4842627.347826816
12957153.46912804,4842627.347826816
12957153.46912804,4842627.347826816
12957153.46912804,4842627.347826816
12957152.355933135,4842628.797594885
12957152.355933135,4842628.797594885
12957152.355933135,4842628.797594885
12957152.355933135,4842628.797594885
12957152.355933135,4842628.797594885
12957152.355933135,4842628.797594885
12957151.242738225,4842628.797594885
12957151.242738225,4842630.247363164
12957151.242738225,4842630.247363164
12957151.242738225,4842630.247363164
12957151.242738225,4842630.247363164
12957150.12954332,4842630.247363164
12957150.12954332,4842630.247363164
12957150.12954332,4842631.697131655
12957150.12954332,4842631.697131655
12957150.12954332,4842631.697131655
12957150.12954332,4842631.697131655
12957150.12954332,4842631.697131655
12957150.12954332,4842631.697131655
12957150.12954332,4842631.697131655
12957150.12954332,4842631.697131655
12957150.12954332,4842633.146900361
12957149.016348412,4842633.146900361
12957149.016348412,4842633.146900361
12957149.016348412,4842633.146900361
12957149.016348412,4842633.146900361
12957149.016348412,4842633.146900361
12957149.016348412,4842633.146900361
12957149.016348412,4842633.146900361
12957149.016348412,4842634.596669278
12957149.016348412,4842634.596669278
12957149.016348412,4842634.596669278
12957149.016348412,4842634.596669278
12957149.016348412,4842634.596669278
12957149.016348412,4842634.596669278
12957150.12954332,4842634.596669278
12957150.12954332,4842634.596669278
12957150.12954332,4842634.596669278
12957150.12954332,4842634.596669278
12957150.12954332,4842636.046438402
12957150.12954332,4842636.046438402
12957150.12954332,4842636.046438402
12957149.016348412,4842636.046438402
12957149.016348412,4842636.046438402
12957149.016348412,4842636.046438402
12957149.016348412,4842636.046438402
12957149.016348412,4842636.046438402
12957149.016348412,4842636.046438402
12957149.016348412,4842636.046438402
12957149.016348412,4842636.046438402
12957149.016348412,4842637.496207737
12957150.12954332,4842651.993912722
12957151.242738225,4842653.443684382
12957152.355933135,4842651.993912722
12957152.355933135,4842651.993912722
12957152.355933135,4842651.993912722
12957152.355933135,4842651.993912722
12957152.355933135,4842651.993912722
12957152.355933135,4842651.993912722
12957152.355933135,4842650.544141272
12957153.46912804,4842650.544141272
12957152.355933135,4842650.544141272
12957152.355933135,4842650.544141272
12957152.355933135,4842650.544141272
12957151.242738225,4842650.544141272
12957150.12954332,4842651.993912722
12957150.12954332,4842651.993912722
12957149.016348412,4842651.993912722
12957149.016348412,4842651.993912722
12957149.016348412,4842651.993912722
12957149.016348412,4842651.993912722
12957149.016348412,4842651.993912722
12957147.903153501,4842651.993912722
12957147.903153501,4842651.993912722
12957147.903153501,4842651.993912722
12957147.903153501,4842651.993912722
12957149.016348412,4842651.993912722
12957149.016348412,4842651.993912722
12957149.016348412,4842651.993912722
12957149.016348412,4842651.993912722
12957149.016348412,4842653.443684382
12957147.903153501,4842653.443684382
12957147.903153501,4842653.443684382
12957147.903153501,4842653.443684382
12957147.903153501,4842653.443684382
12957147.903153501,4842653.443684382
12957147.903153501,4842654.893456253
12957147.903153501,4842654.893456253
12957147.903153501,4842654.893456253
12957147.903153501,4842654.893456253
12957146.789958593,4842654.893456253
12957146.789958593,4842654.893456253
12957146.789958593,4842654.893456253
12957146.789958593,4842654.893456253
12957146.789958593,4842654.893456253
12957145.676763685,4842654.893456253
12957145.676763685,4842654.893456253
12957145.676763685,4842654.893456253
12957145.676763685,4842654.893456253
12957145.676763685,4842653.443684382
12957146.789958593,4842653.443684382
12957146.789958593,4842653.443684382
12957146.789958593,4842653.443684382
12957147.903153501,4842651.993912722
12957147.903153501,4842651.993912722
12957149.016348412,4842651.993912722
12957149.016348412,4842651.993912722
12957149.016348412,4842650.544141272
12957150.12954332,4842650.544141272
12957150.12954332,4842650.544141272
12957150.12954332,4842650.544141272
12957150.12954332,4842650.544141272
12957151.242738225,4842650.544141272
12957151.242738225,4842650.544141272
12957151.242738225,4842650.544141272
12957151.242738225,4842650.544141272
12957151.242738225,4842650.544141272
12957151.242738225,4842650.544141272
12957151.242738225,4842650.544141272
12957151.242738225,4842650.544141272
12957151.242738225,4842650.544141272
12957152.355933135,4842650.544141272
12957152.355933135,4842649.094370036
12957152.355933135,4842649.094370036
12957152.355933135,4842649.094370036
12957152.355933135,4842649.094370036
12957152.355933135,4842649.094370036
12957152.355933135,4842649.094370036
12957152.355933135,4842649.094370036
12957152.355933135,4842649.094370036
12957152.355933135,4842649.094370036
12957152.355933135,4842649.094370036
12957153.46912804,4842649.094370036
12957153.46912804,4842649.094370036
12957153.46912804,4842649.094370036
12957154.582322951,4842649.094370036
12957154.582322951,4842649.094370036
12957154.582322951,4842649.094370036
12957154.582322951,4842649.094370036
12957154.582322951,4842647.644599012
12957155.695517857,4842647.644599012
12957155.695517857,4842647.644599012
12957155.695517857,4842647.644599012
12957155.695517857,4842647.644599012
12957156.808712764,4842647.644599012
12957156.808712764,4842647.644599012
12957156.808712764,4842647.644599012
12957156.808712764,4842647.644599012
12957157.921907675,4842646.1948281955
12957157.921907675,4842646.1948281955
12957157.921907675,4842646.1948281955
12957157.921907675,4842646.1948281955
12957157.921907675,4842646.1948281955
12957159.035102583,4842646.1948281955
12957159.035102583,4842646.1948281955
12957159.035102583,4842646.1948281955
12957159.035102583,4842646.1948281955
12957160.14829749,4842646.1948281955
12957160.14829749,4842646.1948281955
12957160.14829749,4842646.1948281955
12957160.14829749,4842646.1948281955
12957160.14829749,4842646.1948281955
12957160.14829749,4842646.1948281955
12957160.14829749,4842646.1948281955
12957161.261492396,4842646.1948281955
12957161.261492396,4842646.1948281955
12957161.261492396,4842646.1948281955
12957161.261492396,4842646.1948281955
12957161.261492396,4842646.1948281955
12957161.261492396,4842646.1948281955
12957161.261492396,4842646.1948281955
12957161.261492396,4842646.1948281955
12957161.261492396,4842646.1948281955
12957161.261492396,4842646.1948281955
12957161.261492396,4842646.1948281955
12957161.261492396,4842646.1948281955
12957161.261492396,4842646.1948281955
12957161.261492396,4842646.1948281955
12957161.261492396,4842646.1948281955
12957161.261492396,4842646.1948281955
12957161.261492396,4842646.1948281955
12957161.261492396,4842646.1948281955
12957161.261492396,4842646.1948281955
12957161.261492396,4842646.1948281955
12957161.261492396,4842646.1948281955
12957161.261492396,4842646.1948281955
12957161.261492396,4842646.1948281955
12957161.261492396,4842646.1948281955
12957161.261492396,4842646.1948281955
12957161.261492396,4842646.1948281955
12957161.261492396,4842646.1948281955
12957161.261492396,4842646.1948281955
12957161.261492396,4842646.1948281955
12957161.261492396,4842646.1948281955
12957161.261492396,4842646.1948281955
12957161.261492396,4842646.1948281955
12957161.261492396,4842646.1948281955
12957161.261492396,4842646.1948281955
12957161.261492396,4842646.1948281955
12957161.261492396,4842646.1948281955
12957161.261492396,4842646.1948281955
12957161.261492396,4842646.1948281955
12957161.261492396,4842646.1948281955
12957161.261492396,4842646.1948281955
12957161.261492396,4842646.1948281955
12957161.261492396,4842646.1948281955
12957161.261492396,4842646.1948281955
12957161.261492396,4842646.1948281955
12957161.261492396,4842646.1948281955
12957161.261492396,4842646.1948281955
12957160.14829749,4842646.1948281955
12957160.14829749,4842646.1948281955
12957160.14829749,4842646.1948281955
12957161.261492396,4842646.1948281955
12957161.261492396,4842646.1948281955
12957161.261492396,4842646.1948281955
12957161.261492396,4842646.1948281955
12957161.261492396,4842646.1948281955
12957161.261492396,4842646.1948281955
12957161.261492396,4842646.1948281955
12957161.261492396,4842646.1948281955
12957161.261492396,4842646.1948281955
12957160.14829749,4842646.1948281955
12957160.14829749,4842646.1948281955
12957160.14829749,4842646.1948281955
12957161.261492396,4842646.1948281955
12957161.261492396,4842646.1948281955
12957161.261492396,4842646.1948281955
12957161.261492396,4842646.1948281955
12957161.261492396,4842646.1948281955
12957161.261492396,4842646.1948281955
12957161.261492396,4842646.1948281955
12957161.261492396,4842646.1948281955
12957161.261492396,4842646.1948281955
12957161.261492396,4842646.1948281955
12957161.261492396,4842644.745057589
12957161.261492396,4842644.745057589
12957161.261492396,4842644.745057589
12957161.261492396,4842644.745057589
12957161.261492396,4842644.745057589
12957161.261492396,4842644.745057589
12957162.374687307,4842644.745057589
12957162.374687307,4842644.745057589
12957162.374687307,4842644.745057589
12957162.374687307,4842644.745057589
12957162.374687307,4842644.745057589
12957162.374687307,4842644.745057589
12957162.374687307,4842644.745057589
12957162.374687307,4842644.745057589
12957162.374687307,4842644.745057589
12957162.374687307,4842644.745057589
12957162.374687307,4842644.745057589
12957162.374687307,4842644.745057589
12957162.374687307,4842644.745057589
12957162.374687307,4842644.745057589
12957162.374687307,4842644.745057589
12957161.261492396,4842644.745057589
12957161.261492396,4842644.745057589
12957161.261492396,4842644.745057589
12957161.261492396,4842644.745057589
12957161.261492396,4842644.745057589
12957161.261492396,4842644.745057589
12957161.261492396,4842644.745057589
12957161.261492396,4842644.745057589
12957161.261492396,4842644.745057589
12957161.261492396,4842644.745057589
12957161.261492396,4842644.745057589
12957161.261492396,4842644.745057589
12957161.261492396,4842644.745057589
12957161.261492396,4842644.745057589
12957161.261492396,4842644.745057589
12957161.261492396,4842644.745057589
12957161.261492396,4842644.745057589
12957161.261492396,4842644.745057589
12957161.261492396,4842644.745057589
12957161.261492396,4842644.745057589
12957161.261492396,4842644.745057589
12957161.261492396,4842644.745057589
12957161.261492396,4842644.745057589
12957161.261492396,4842644.745057589
12957161.261492396,4842644.745057589
12957161.261492396,4842644.745057589
12957161.261492396,4842644.745057589
12957161.261492396,4842644.745057589
12957161.261492396,4842644.745057589
12957161.261492396,4842644.745057589
12957161.261492396,4842644.745057589
12957161.261492396,4842644.745057589
12957161.261492396,4842644.745057589
12957161.261492396,4842644.745057589
12957161.261492396,4842644.745057589
12957161.261492396,4842644.745057589
12957161.261492396,4842644.745057589
12957161.261492396,4842644.745057589
12957161.261492396,4842644.745057589
12957161.261492396,4842644.745057589
12957161.261492396,4842644.745057589
12957161.261492396,4842644.745057589
12957161.261492396,4842644.745057589
12957161.261492396,4842644.745057589
12957161.261492396,4842644.745057589
12957161.261492396,4842644.745057589
12957161.261492396,4842644.745057589
12957161.261492396,4842644.745057589
12957161.261492396,4842644.745057589
12957161.261492396,4842644.745057589
12957161.261492396,4842644.745057589
12957161.261492396,4842644.745057589
12957161.261492396,4842644.745057589
12957161.261492396,4842644.745057589
12957161.261492396,4842644.745057589
12957161.261492396,4842644.745057589
12957161.261492396,4842644.745057589
12957161.261492396,4842644.745057589
12957161.261492396,4842644.745057589
12957161.261492396,4842644.745057589
12957161.261492396,4842644.745057589
12957161.261492396,4842644.745057589
12957161.261492396,4842644.745057589
12957161.261492396,4842644.745057589
12957161.261492396,4842644.745057589
12957161.261492396,4842644.745057589
12957161.261492396,4842644.745057589
12957161.261492396,4842644.745057589
12957161.261492396,4842644.745057589
12957161.261492396,4842644.745057589
12957161.261492396,4842644.745057589
12957161.261492396,4842644.745057589
12957161.261492396,4842644.745057589
12957161.261492396,4842644.745057589
12957161.261492396,4842644.745057589
12957161.261492396,4842644.745057589
12957161.261492396,4842644.745057589
12957161.261492396,4842644.745057589
12957161.261492396,4842644.745057589
12957161.261492396,4842644.745057589
12957161.261492396,4842644.745057589
12957161.261492396,4842644.745057589
12957161.261492396,4842644.745057589
12957161.261492396,4842644.745057589
12957161.261492396,4842644.745057589
12957161.261492396,4842644.745057589
12957161.261492396,4842644.745057589
12957161.261492396,4842644.745057589
12957161.261492396,4842644.745057589
12957161.261492396,4842644.745057589
12957161.261492396,4842644.745057589
12957161.261492396,4842644.745057589
12957161.261492396,4842644.745057589
12957161.261492396,4842644.745057589
12957161.261492396,4842644.745057589
12957161.261492396,4842644.745057589
12957161.261492396,4842644.745057589
12957161.261492396,4842644.745057589
12957161.261492396,4842644.745057589
12957161.261492396,4842644.745057589
12957161.261492396,4842644.745057589
12957161.261492396,4842644.745057589
12957161.261492396,4842644.745057589
12957161.261492396,4842644.745057589
12957161.261492396,4842644.745057589
12957161.261492396,4842644.745057589
12957161.261492396,4842644.745057589
12957161.261492396,4842644.745057589
12957161.261492396,4842644.745057589
12957161.261492396,4842644.745057589
12957161.261492396,4842644.745057589
12957161.261492396,4842644.745057589
12957161.261492396,4842644.745057589
12957161.261492396,4842644.745057589
12957161.261492396,4842644.745057589
12957161.261492396,4842644.745057589
12957161.261492396,4842644.745057589
12957161.261492396,4842644.745057589
12957161.261492396,4842644.745057589
12957161.261492396,4842644.745057589
12957161.261492396,4842644.745057589
12957160.14829749,4842644.745057589
12957160.14829749,4842644.745057589
12957160.14829749,4842644.745057589
12957160.14829749,4842644.745057589
12957160.14829749,4842644.745057589
12957160.14829749,4842644.745057589
12957160.14829749,4842644.745057589
12957160.14829749,4842644.745057589
12957160.14829749,4842644.745057589
12957160.14829749,4842644.745057589
12957160.14829749,4842644.745057589
12957160.14829749,4842644.745057589
12957160.14829749,4842644.745057589
12957160.14829749,4842644.745057589
12957160.14829749,4842644.745057589
12957160.14829749,4842644.745057589
12957160.14829749,4842644.745057589
12957160.14829749,4842644.745057589
12957160.14829749,4842644.745057589
12957160.14829749,4842644.745057589
12957160.14829749,4842644.745057589
12957160.14829749,4842644.745057589
12957160.14829749,4842644.745057589
12957160.14829749,4842644.745057589
12957160.14829749,4842644.745057589
12957160.14829749,4842644.745057589
12957160.14829749,4842644.745057589
12957160.14829749,4842644.745057589
12957160.14829749,4842644.745057589
12957160.14829749,4842644.745057589
12957160.14829749,4842644.745057589
12957160.14829749,4842644.745057589
12957160.14829749,4842644.745057589
12957160.14829749,4842644.745057589
12957160.14829749,4842644.745057589
12957160.14829749,4842643.295287198
12957160.14829749,4842643.295287198
12957160.14829749,4842643.295287198
12957160.14829749,4842643.295287198
12957160.14829749,4842643.295287198
12957160.14829749,4842643.295287198
12957160.14829749,4842643.295287198
12957160.14829749,4842643.295287198
12957160.14829749,4842643.295287198
12957160.14829749,4842643.295287198
12957160.14829749,4842643.295287198
12957160.14829749,4842643.295287198
12957160.14829749,4842643.295287198
12957160.14829749,4842643.295287198
12957160.14829749,4842643.295287198
12957160.14829749,4842643.295287198
12957160.14829749,4842643.295287198
12957160.14829749,4842643.295287198
12957160.14829749,4842643.295287198
12957160.14829749,4842643.295287198
12957160.14829749,4842643.295287198
12957160.14829749,4842643.295287198
12957160.14829749,4842643.295287198
12957160.14829749,4842643.295287198
12957160.14829749,4842643.295287198
12957160.14829749,4842643.295287198
12957160.14829749,4842643.295287198
12957160.14829749,4842643.295287198
12957160.14829749,4842643.295287198
12957160.14829749,4842643.295287198
12957160.14829749,4842643.295287198
12957160.14829749,4842643.295287198
12957160.14829749,4842643.295287198
12957160.14829749,4842643.295287198
12957160.14829749,4842643.295287198
12957160.14829749,4842643.295287198
12957160.14829749,4842643.295287198
12957160.14829749,4842643.295287198
12957160.14829749,4842643.295287198
12957160.14829749,4842643.295287198
12957160.14829749,4842643.295287198
12957160.14829749,4842643.295287198
12957160.14829749,4842643.295287198
12957160.14829749,4842643.295287198
12957160.14829749,4842643.295287198
12957160.14829749,4842641.845517019
12957160.14829749,4842641.845517019
12957160.14829749,4842641.845517019
12957160.14829749,4842641.845517019
12957160.14829749,4842641.845517019
12957160.14829749,4842641.845517019
12957159.035102583,4842641.845517019
12957159.035102583,4842641.845517019
12957159.035102583,4842641.845517019
12957159.035102583,4842641.845517019
12957159.035102583,4842641.845517019
12957159.035102583,4842641.845517019
12957159.035102583,4842641.845517019
12957159.035102583,4842641.845517019
12957159.035102583,4842641.845517019
12957159.035102583,4842643.295287198
12957159.035102583,4842643.295287198
12957159.035102583,4842643.295287198
12957159.035102583,4842643.295287198
12957159.035102583,4842643.295287198
12957159.035102583,4842643.295287198
12957150.12954332,4842643.295287198
12957113.394111356,4842607.051095996
12957090.01701829,4842599.802273589
12957077.771874303,4842596.902746104
12957055.507976145,4842595.452982674
12957036.583662707,4842591.103693665
12957026.564908536,4842594.003219461
12957018.772544181,4842630.247363164
12957005.414205287,4842725.932536521
12957002.074620562,4842776.675047058
12956986.489891851,4842810.020266234
12956961.999603877,4842781.024417137
12956963.112798786,4842718.683627557
12956965.339188602,4842637.496207737
12956968.678773325,4842541.811884329
12956970.905163141,4842437.430034841
12956975.357942773,4842334.499004909
12956979.810722405,4842228.669618845
12956982.03711222,4842131.539528469
12956988.716281667,4842108.344423163
12956989.829476576,4842106.894730874
12956989.829476576,4842108.344423163
12956989.829476576,4842108.344423163
12956989.829476576,4842108.344423163
12956989.829476576,4842109.794115661
12956989.829476576,4842109.794115661
12956988.716281667,4842109.794115661
12956987.60308676,4842111.243808368
12956986.489891851,4842111.243808368
12956986.489891851,4842111.243808368
12956985.376696944,4842111.243808368
12956985.376696944,4842111.243808368
12956984.263502037,4842111.243808368
12956984.263502037,4842111.243808368
12956984.263502037,4842111.243808368
12956985.376696944,4842099.646272603
12956987.60308676,4842053.256264622
12956990.942671483,4841983.671657906
12956994.282256208,4841895.241921892
12956999.848230748,4841792.31649687
12957005.414205287,4841682.143981418
12957009.866984919,4841570.523070762
12957014.319764553,4841458.90341134
12957016.546154365,4841344.385840336
12957024.338518724,4841116.804197141
12957027.678103445,4840999.391497914
12957027.678103445,4840999.391497914
12957031.017688168,4840881.980183022
12957031.017688168,4840881.980183022
12957035.4704678,4840767.469246376
12957035.4704678,4840658.757550238
12957032.130883075,4840560.193304807
12957022.112128904,4840509.462088155
12956977.584332589,4840519.60831081
12956911.905833019,4840539.900787132
12956838.434969097,4840561.642771935
12956581.286945365,4840438.438818996
12956531.193174507,4840377.562134277
12956491.118157823,4840315.236390196
12956392.043811016,4840234.068564037
12956292.96946421,4840223.922632281
12956267.365981327,4840209.428461987
12956233.97013409,4840193.484899021
12955973.482525636,4840094.925258193
12955775.333832022,4840090.57706121
12955676.259485215,4840092.026459991
12955603.901816199,4840093.475858987
12955553.808045343,4840094.925258193
12955206.491234068,4840078.98187853
12955119.662031248,4840077.532481647
12955027.266853893,4840076.08308497
12954929.305701992,4840076.08308497
12954835.797329728,4840073.184292257
12954745.628542183,4840073.184292257
12954662.138924088,4840071.734896213
12954587.554865256,4840068.836104763
12954530.781924952,4840065.9373141555
12954502.952052254,4840060.139735474
12954490.706908265,4840019.556779188
12954478.461764282,4839955.783896267
12954467.3298152,4839880.416470179
12954452.858281396,4839803.600257377
12954439.499942502,4839720.987255749
12954425.028408699,4839631.128277608
12954409.443679988,4839541.270110145
12954333.746426249,4839152.860259828
12954301.463773917,4838829.680025338
12954307.029748458,4838773.160792467
12954312.595722998,4838729.684677702
12954313.708917907,4838715.192681615
12954314.822112814,4838713.743483164
12954313.708917907,4838713.743483164
12954313.708917907,4838713.743483164
12954317.04850263,4838712.294284923
12954317.04850263,4838712.294284923
12954317.04850263,4838712.294284923
12954317.04850263,4838712.294284923
12954317.04850263,4838712.294284923
12954315.93530772,4838712.294284923
12954315.93530772,4838712.294284923
12954315.93530772,4838712.294284923
12954315.93530772,4838712.294284923
12954315.93530772,4838712.294284923
12954315.93530772,4838712.294284923
12954315.93530772,4838712.294284923
12954315.93530772,4838712.294284923
12954315.93530772,4838712.294284923
12954315.93530772,4838712.294284923
12954315.93530772,4838712.294284923
12954315.93530772,4838712.294284923
12954315.93530772,4838712.294284923
12954314.822112814,4838712.294284923
12954314.822112814,4838712.294284923
12954314.822112814,4838712.294284923
12954314.822112814,4838712.294284923
12954313.708917907,4838712.294284923
12954313.708917907,4838712.294284923
12954313.708917907,4838712.294284923
12954313.708917907,4838712.294284923
12954313.708917907,4838712.294284923
12954313.708917907,4838712.294284923
12954313.708917907,4838710.845086899
12954313.708917907,4838710.845086899
12954313.708917907,4838710.845086899
12954312.595722998,4838710.845086899
12954312.595722998,4838710.845086899
12954312.595722998,4838710.845086899
12954312.595722998,4838712.294284923
12954312.595722998,4838712.294284923
12954312.595722998,4838712.294284923
12954312.595722998,4838712.294284923
12954312.595722998,4838712.294284923
12954312.595722998,4838712.294284923
12954312.595722998,4838712.294284923
12954312.595722998,4838712.294284923
12954312.595722998,4838712.294284923
12954312.595722998,4838712.294284923
12954312.595722998,4838712.294284923
12954312.595722998,4838712.294284923
12954312.595722998,4838712.294284923
12954312.595722998,4838710.845086899
12954312.595722998,4838710.845086899
12954312.595722998,4838710.845086899
12954312.595722998,4838710.845086899
12954312.595722998,4838710.845086899
12954312.595722998,4838710.845086899
12954312.595722998,4838710.845086899
12954312.595722998,4838710.845086899
12954312.595722998,4838710.845086899
12954313.708917907,4838710.845086899
12954313.708917907,4838709.395889082
12954313.708917907,4838709.395889082
12954313.708917907,4838709.395889082
12954313.708917907,4838709.395889082
12954313.708917907,4838709.395889082
12954313.708917907,4838707.946691478
12954313.708917907,4838707.946691478
12954313.708917907,4838707.946691478
12954313.708917907,4838707.946691478
12954321.50128226,4838709.395889082
12954320.388087353,4838706.49749408
12954322.614477169,4838725.33707666
12954314.822112814,4838768.813172453
12954308.142943365,4838826.781595339
12954310.369333182,4838894.8949232865
12954315.93530772,4838967.356421754
12954321.50128226,4839045.615432156
12954333.746426249,4839129.672091143
12954351.557544777,4839218.077273663
12954388.292976737,4839403.585781078
12954406.104095263,4839497.790642721
12954422.802018883,4839581.851117645
12954437.273552686,4839649.969609078
12954447.292306857,4839692.000400029
12954763.43966071,4840425.393783801
12954850.268863527,4840463.079487652
12954850.268863527,4840463.079487652
12954928.192507083,4840494.96750229
12954928.192507083,4840494.96750229
12954991.644616837,4840522.507233469
12955066.228675669,4840555.84490468
12955143.039124316,4840594.980574155
12955219.849572964,4840639.914310248
12955305.565580875,4840689.196705534
12955387.94200406,4840732.681374494
12955453.620503629,4840787.762227763
12955474.77120688,4840951.557091411
12955474.77120688,4841029.831694417
12955471.431622155,4841054.473826401
12955468.092037432,4841053.024287538
12955469.205232339,4841053.024287538
12955469.205232339,4841053.024287538
12955469.205232339,4841053.024287538
12955468.092037432,4841057.372904762
12955473.658011971,4841077.666476914
12955472.544817064,4841103.758273307
12955473.658011971,4841148.694305132
12955474.77120688,4841193.630539733
12955473.658011971,4841231.319150918
12955474.77120688,4841270.4574750485
12955473.658011971,4841329.890039179
12955472.544817064,4841424.11312391
12955464.752452709,4841508.189859937
12955460.299673077,4841631.407048733
12955459.186478168,4841699.539560712
12955459.186478168,4841764.773253726
12955456.960088352,4841837.255636096
12955452.507308722,4842002.517440873
12955450.280918906,4842086.599061012
12955448.05452909,4842167.781988687
12955442.48855455,4842373.641665548
12955441.375359641,4842438.87977526
12955436.922580007,4842505.568062567
12955426.903825836,4842553.409935158
12955421.337851297,4842583.85488287
12955423.564241115,4842617.199456231
12955422.451046208,4842670.840960761
12955422.451046208,4842718.683627557
12955414.658681853,4842830.317410845
12955412.432292037,4842898.45812756
12955405.753122587,4842966.599310664
12955396.847563323,4843165.226271578
12955396.847563323,4843224.670147151
12955422.451046208,4843255.117147711
12955483.676766142,4843252.217429363
12955563.826799514,4843252.217429363
12955563.826799514,4843252.217429363
12955655.108781965,4843255.117147711
12955655.108781965,4843255.117147711
12955747.503959322,4843256.567007205
12955833.219967233,4843255.117147711
12955910.030415881,4843250.767570503
12955972.369330725,4843252.217429363
12955986.84086453,4843244.968137179
12955985.727669619,4843244.968137179
12955985.727669619,4843244.968137179
12955985.727669619,4843244.968137179
12955985.727669619,4843244.968137179
12955985.727669619,4843244.968137179
12955985.727669619,4843244.968137179
12955985.727669619,4843244.968137179
12955985.727669619,4843244.968137179
12955985.727669619,4843244.968137179
12955985.727669619,4843244.968137179
12955985.727669619,4843244.968137179
12955985.727669619,4843244.968137179
12955985.727669619,4843244.968137179
12955985.727669619,4843244.968137179
12955985.727669619,4843244.968137179
12955985.727669619,4843244.968137179
12955985.727669619,4843244.968137179
12956115.971473847,4843260.916586949
12956208.36665121,4843265.266168595
12956309.667387828,4843269.615752139
12956620.248767143,4843275.415199822
12956710.417554686,4843271.065613741
12956805.03912186,4843275.415199822
12956896.321104309,4843269.615752139
12956937.509315904,4843198.572792215
12956935.282926088,4843124.630658085
12956935.282926088,4843094.184056604
12956934.169731177,4843094.184056604
12956941.962095533,4843066.637211688
12956945.30168026,4843008.644103124
12956948.641264983,4842939.052818778
12956941.962095533,4842910.056593873
12956935.282926088,4842915.855832099
12956917.471807562,4842924.554695771
12956915.245417746,4842940.502632242
12956916.358612655,4842953.550962902
12956906.33985848,4842952.101147537
12956908.566248296,4842969.49894582
12956908.566248296,4842969.49894582
12956851.793307992,4842963.699676351
12956851.793307992,4842963.699676351
12956896.321104309,4842992.6960574975
12956897.434299216,4842992.6960574975
12956898.547494125,4842994.145878769
12956898.547494125,4842994.145878769
12956897.434299216,4842994.145878769
12956897.434299216,4842992.6960574975
12956896.321104309,4842992.6960574975
12956897.434299216,4842991.246236436
12956898.547494125,4842992.6960574975
12956898.547494125,4842994.145878769
12956897.434299216,4842994.145878769
12956897.434299216,4842992.6960574975
12956894.094714493,4842992.6960574975
12956892.981519585,4842994.145878769
12956890.75512977,4842994.145878769
12956890.75512977,4842994.145878769
12956889.641934862,4842994.145878769
12956888.528739953,4842994.145878769
12956886.302350137,4842992.6960574975
12956885.18915523,4842991.246236436
12956882.962765414,4842989.796415582
12956881.849570505,4842989.796415582
12956880.736375598,4842989.796415582
12956879.623180691,4842988.346594938
12956878.509985782,4842986.896774511
12956878.509985782,4842983.997134284
12956878.509985782,4842983.997134284
12956877.396790873,4842982.547314486
12956877.396790873,4842982.547314486
12956877.396790873,4842982.547314486
12956877.396790873,4842982.547314486
12956876.283595966,4842982.547314486
12956876.283595966,4842982.547314486
12956876.283595966,4842982.547314486
12956876.283595966,4842982.547314486
12956876.283595966,4842982.547314486
12956914.132222835,4843010.093926722
12956914.132222835,4843010.093926722
12956914.132222835,4843010.093926722
12956868.491231611,4842957.900410255
12956867.378036702,4842960.80004288
12956867.378036702,4842960.80004288
12956867.378036702,4842960.80004288
12956867.378036702,4842962.249859509
12956867.378036702,4842962.249859509
12956867.378036702,4842962.249859509
12956924.150977006,4842962.249859509
12956871.830816334,4842939.052818778
12956871.830816334,4842943.402259797
12956871.830816334,4842944.852073894
12956875.17040106,4842949.201517447
12956876.283595966,4842952.101147537
12956877.396790873,4842957.900410255
12956877.396790873,4842957.900410255
12956878.509985782,4842962.249859509
12956879.623180691,4842966.599310664
12956879.623180691,4842969.49894582
12956879.623180691,4842970.948763718
12956879.623180691,4842970.948763718
12956879.623180691,4842970.948763718
12956879.623180691,4842970.948763718
12956879.623180691,4842970.948763718
12956879.623180691,4842970.948763718
12956879.623180691,4842970.948763718
12956879.623180691,4842969.49894582
12956879.623180691,4842969.49894582
12956879.623180691,4842969.49894582
12956880.736375598,4842969.49894582
12956881.849570505,4842970.948763718
12956880.736375598,4842970.948763718
12956880.736375598,4842970.948763718
12956884.075960321,4842970.948763718
12956885.18915523,4842970.948763718
12956886.302350137,4842970.948763718
12956886.302350137,4842972.398581828
12956887.415545044,4842972.398581828
12956887.415545044,4842972.398581828
12956888.528739953,4842972.398581828
12956889.641934862,4842972.398581828
12956890.75512977,4842972.398581828
12956891.868324677,4842970.948763718
12956891.868324677,4842970.948763718
12956892.981519585,4842970.948763718
12956892.981519585,4842970.948763718
12956892.981519585,4842970.948763718
12956892.981519585,4842972.398581828
12956892.981519585,4842970.948763718
12956892.981519585,4842970.948763718
12956891.868324677,4842970.948763718
12956891.868324677,4842969.49894582
12956892.981519585,4842969.49894582
12956892.981519585,4842968.0491281375
12956892.981519585,4842969.49894582
12956892.981519585,4842969.49894582
12956892.981519585,4842969.49894582
12956892.981519585,4842968.0491281375
12956892.981519585,4842968.0491281375
12956892.981519585,4842966.599310664
12956894.094714493,4842972.398581828
12956894.094714493,4842972.398581828
12956894.094714493,4842972.398581828
12956895.207909402,4842973.848400145
12956895.207909402,4842973.848400145
12956895.207909402,4842973.848400145
12956895.207909402,4842973.848400145
12956896.321104309,4842973.848400145
12956896.321104309,4842973.848400145
12956896.321104309,4842973.848400145
12956896.321104309,4842973.848400145
12956896.321104309,4842973.848400145
12956896.321104309,4842973.848400145
12956896.321104309,4842973.848400145
12956896.321104309,4842973.848400145
12956896.321104309,4842973.848400145
12956896.321104309,4842973.848400145
12956896.321104309,4842973.848400145
12956896.321104309,4842973.848400145
12956896.321104309,4842973.848400145
12956896.321104309,4842973.848400145
12956896.321104309,4842973.848400145
12956896.321104309,4842973.848400145
12956896.321104309,4842973.848400145
12956896.321104309,4842973.848400145
12956896.321104309,4842973.848400145
12956895.207909402,4842939.052818778
12956895.207909402,4842939.052818778
12956895.207909402,4842939.052818778
12956909.679443207,4842989.796415582
12956909.679443207,4842989.796415582
12956909.679443207,4842989.796415582
12956908.566248296,4842991.246236436
12956908.566248296,4842992.6960574975
12956908.566248296,4842994.145878769
12956907.45305339,4842994.145878769
12956906.33985848,4842992.6960574975
12956905.226663573,4842991.246236436
12956904.113468664,4842991.246236436
12956904.113468664,4842989.796415582
12956903.000273757,4842988.346594938
12956903.000273757,4842988.346594938
12956903.000273757,4842988.346594938
12956903.000273757,4842988.346594938
12956901.887078848,4842988.346594938
12956903.000273757,4842988.346594938
12956903.000273757,4842988.346594938
12956903.000273757,4842988.346594938
12956903.000273757,4842986.896774511
12956903.000273757,4842986.896774511
12956904.113468664,4842986.896774511
12956905.226663573,4842986.896774511
12956905.226663573,4842986.896774511
12956904.113468664,4842985.446954293
12956904.113468664,4842985.446954293
12956904.113468664,4842985.446954293
12956905.226663573,4842985.446954293
12956905.226663573,4842985.446954293
12956904.113468664,4842983.997134284
12956903.000273757,4842982.547314486
12956903.000273757,4842981.097494903
12956903.000273757,4842981.097494903
12956904.113468664,4842981.097494903
12956904.113468664,4842979.64767553
12956904.113468664,4842979.64767553
12956905.226663573,4842979.64767553
12956905.226663573,4842979.64767553
12956905.226663573,4842978.197856369
12956905.226663573,4842978.197856369
12956904.113468664,4842978.197856369
12956904.113468664,4842979.64767553
12956904.113468664,4842979.64767553
12956904.113468664,4842979.64767553
12956904.113468664,4842979.64767553
12956904.113468664,4842979.64767553
12956904.113468664,4842979.64767553
12956903.000273757,4842979.64767553
12956903.000273757,4842979.64767553
12956903.000273757,4842979.64767553
12956903.000273757,4842979.64767553
12956903.000273757,4842979.64767553
12956903.000273757,4842979.64767553
12956901.887078848,4842979.64767553
12956901.887078848,4842979.64767553
12956900.77388394,4842979.64767553
12956900.77388394,4842979.64767553
12956900.77388394,4842979.64767553
12956900.77388394,4842979.64767553
12956900.77388394,4842979.64767553
12956900.77388394,4842979.64767553
12956900.77388394,4842979.64767553
12956900.77388394,4842979.64767553
12956900.77388394,4842979.64767553
12956900.77388394,4842981.097494903
12956899.660689035,4842981.097494903
12956899.660689035,4842981.097494903
12956899.660689035,4842981.097494903
12956899.660689035,4842981.097494903
12956899.660689035,4842981.097494903
12956899.660689035,4842981.097494903
12956899.660689035,4842981.097494903
12956899.660689035,4842981.097494903
12956899.660689035,4842981.097494903
12956899.660689035,4842981.097494903
12956899.660689035,4842981.097494903
12956899.660689035,4842981.097494903
12956898.547494125,4842981.097494903
12956898.547494125,4842981.097494903
12956898.547494125,4842981.097494903
12956898.547494125,4842981.097494903
12956898.547494125,4842981.097494903
12956898.547494125,4842981.097494903
12956898.547494125,4842981.097494903
12956898.547494125,4842981.097494903
12956898.547494125,4842981.097494903
12956898.547494125,4842981.097494903
12956898.547494125,4842981.097494903
12956898.547494125,4842981.097494903
12956898.547494125,4842981.097494903
12956898.547494125,4842981.097494903
12956898.547494125,4842981.097494903
12956898.547494125,4842981.097494903
12956898.547494125,4842981.097494903
12956898.547494125,4842981.097494903
12956897.434299216,4842981.097494903
12956897.434299216,4842981.097494903
12956897.434299216,4842979.64767553
12956897.434299216,4842979.64767553
12956897.434299216,4842979.64767553
12956897.434299216,4842979.64767553
12956897.434299216,4842979.64767553
12956897.434299216,4842979.64767553
12956897.434299216,4842979.64767553
12956897.434299216,4842979.64767553
12956897.434299216,4842979.64767553
12956897.434299216,4842979.64767553
12956896.321104309,4842979.64767553
12956896.321104309,4842979.64767553
12956896.321104309,4842979.64767553
12956896.321104309,4842979.64767553
12956896.321104309,4842979.64767553
12956896.321104309,4842979.64767553
12956896.321104309,4842979.64767553
12956896.321104309,4842979.64767553
12956896.321104309,4842979.64767553
12956896.321104309,4842979.64767553
12956896.321104309,4842979.64767553
12956896.321104309,4842979.64767553
12956896.321104309,4842979.64767553
12956895.207909402,4842979.64767553
12956895.207909402,4842979.64767553
12956895.207909402,4842979.64767553
12956895.207909402,4842979.64767553
12956895.207909402,4842979.64767553
12956895.207909402,4842979.64767553
12956895.207909402,4842981.097494903
12956895.207909402,4842981.097494903
12956895.207909402,4842981.097494903
12956895.207909402,4842981.097494903
12956895.207909402,4842981.097494903
12956895.207909402,4842981.097494903
12956895.207909402,4842981.097494903
12956895.207909402,4842981.097494903
12956895.207909402,4842981.097494903
12956895.207909402,4842981.097494903
12956895.207909402,4842981.097494903
12956895.207909402,4842981.097494903
12956895.207909402,4842981.097494903
12956895.207909402,4842981.097494903
12956895.207909402,4842981.097494903
12956895.207909402,4842981.097494903
12956895.207909402,4842981.097494903
12956895.207909402,4842981.097494903
12956895.207909402,4842981.097494903
12956895.207909402,4842979.64767553
12956895.207909402,4842979.64767553
12956895.207909402,4842979.64767553
12956895.207909402,4842979.64767553
12956894.094714493,4842979.64767553
12956894.094714493,4842979.64767553
12956894.094714493,4842979.64767553
12956894.094714493,4842979.64767553
12956894.094714493,4842979.64767553
12956894.094714493,4842979.64767553
12956894.094714493,4842979.64767553
12956894.094714493,4842979.64767553
12956894.094714493,4842979.64767553
12956894.094714493,4842979.64767553
12956894.094714493,4842979.64767553
12956894.094714493,4842979.64767553
12956894.094714493,4842979.64767553
12956894.094714493,4842978.197856369
12956894.094714493,4842978.197856369
12956894.094714493,4842978.197856369
12956894.094714493,4842978.197856369
12956894.094714493,4842978.197856369
12956894.094714493,4842979.64767553
12956894.094714493,4842979.64767553
12956894.094714493,4842979.64767553
12956894.094714493,4842979.64767553
12956894.094714493,4842979.64767553
12956894.094714493,4842979.64767553
12956894.094714493,4842978.197856369
12956894.094714493,4842978.197856369
12956894.094714493,4842978.197856369
12956894.094714493,4842978.197856369
12956894.094714493,4842978.197856369
12956894.094714493,4842978.197856369
12956894.094714493,4842978.197856369
12956894.094714493,4842978.197856369
12956894.094714493,4842978.197856369
12956894.094714493,4842978.197856369
12956894.094714493,4842978.197856369
12956894.094714493,4842978.197856369
12956894.094714493,4842978.197856369
12956894.094714493,4842979.64767553
12956894.094714493,4842979.64767553
12956894.094714493,4842979.64767553
12956894.094714493,4842979.64767553
12956894.094714493,4842979.64767553
12956894.094714493,4842979.64767553
12956894.094714493,4842979.64767553
12956894.094714493,4842978.197856369
12956894.094714493,4842979.64767553
12956894.094714493,4842979.64767553
12956894.094714493,4842979.64767553
12956894.094714493,4842979.64767553
12956894.094714493,4842979.64767553
12956894.094714493,4842979.64767553
12956894.094714493,4842979.64767553
12956892.981519585,4842979.64767553
12956892.981519585,4842979.64767553
12956892.981519585,4842979.64767553
12956892.981519585,4842979.64767553
12956892.981519585,4842979.64767553
12956892.981519585,4842979.64767553
12956892.981519585,4842979.64767553
12956892.981519585,4842979.64767553
12956892.981519585,4842979.64767553
12956892.981519585,4842979.64767553
12956892.981519585,4842979.64767553
12956892.981519585,4842979.64767553
12956892.981519585,4842979.64767553
12956892.981519585,4842979.64767553
12956892.981519585,4842979.64767553
12956892.981519585,4842979.64767553
12956892.981519585,4842979.64767553
12956892.981519585,4842979.64767553
12956892.981519585,4842979.64767553
12956892.981519585,4842979.64767553
12956892.981519585,4842979.64767553
12956892.981519585,4842979.64767553
12956892.981519585,4842979.64767553
12956892.981519585,4842979.64767553
12956892.981519585,4842979.64767553
12956892.981519585,4842979.64767553
12956892.981519585,4842979.64767553
12956892.981519585,4842979.64767553
12956892.981519585,4842979.64767553
12956892.981519585,4842979.64767553
12956892.981519585,4842981.097494903
12956892.981519585,4842981.097494903
12956892.981519585,4842981.097494903
12956892.981519585,4842981.097494903
12956892.981519585,4842981.097494903
12956892.981519585,4842981.097494903
12956892.981519585,4842981.097494903
12956892.981519585,4842981.097494903
12956892.981519585,4842981.097494903
12956892.981519585,4842981.097494903
12956892.981519585,4842981.097494903
12956892.981519585,4842981.097494903
12956892.981519585,4842981.097494903
12956892.981519585,4842981.097494903
12956892.981519585,4842981.097494903
12956892.981519585,4842981.097494903
12956892.981519585,4842981.097494903
12956892.981519585,4842981.097494903
12956892.981519585,4842981.097494903
12956892.981519585,4842981.097494903
12956892.981519585,4842981.097494903
12956892.981519585,4842981.097494903
12956892.981519585,4842981.097494903
12956892.981519585,4842981.097494903
12956892.981519585,4842981.097494903
12956892.981519585,4842981.097494903
12956892.981519585,4842981.097494903
12956892.981519585,4842981.097494903
12956892.981519585,4842981.097494903
12956892.981519585,4842981.097494903
12956892.981519585,4842981.097494903
12956892.981519585,4842981.097494903
12956892.981519585,4842981.097494903
12956892.981519585,4842981.097494903
12956891.868324677,4842981.097494903
12956891.868324677,4842981.097494903
12956891.868324677,4842981.097494903
12956891.868324677,4842981.097494903
12956891.868324677,4842981.097494903
12956891.868324677,4842981.097494903
12956891.868324677,4842981.097494903
12956891.868324677,4842981.097494903
12956891.868324677,4842981.097494903
12956891.868324677,4842981.097494903
12956891.868324677,4842981.097494903
12956891.868324677,4842981.097494903
12956891.868324677,4842981.097494903
12956891.868324677,4842981.097494903
12956891.868324677,4842981.097494903
12956891.868324677,4842981.097494903
12956891.868324677,4842981.097494903
12956891.868324677,4842981.097494903
12956891.868324677,4842981.097494903
12956891.868324677,4842981.097494903
12956891.868324677,4842981.097494903
12956891.868324677,4842981.097494903
12956891.868324677,4842981.097494903
12956891.868324677,4842981.097494903
12956891.868324677,4842981.097494903
12956891.868324677,4842981.097494903
12956891.868324677,4842981.097494903
12956891.868324677,4842981.097494903
12956891.868324677,4842981.097494903
12956891.868324677,4842981.097494903
12956891.868324677,4842981.097494903
12956891.868324677,4842981.097494903
12956891.868324677,4842981.097494903
12956891.868324677,4842981.097494903
12956891.868324677,4842981.097494903
12956891.868324677,4842981.097494903
12956891.868324677,4842981.097494903
12956891.868324677,4842981.097494903
12956891.868324677,4842981.097494903
12956891.868324677,4842981.097494903
12956891.868324677,4842981.097494903
12956891.868324677,4842981.097494903
12956891.868324677,4842981.097494903
12956891.868324677,4842981.097494903
12956891.868324677,4842981.097494903
12956891.868324677,4842981.097494903
12956891.868324677,4842981.097494903
12956891.868324677,4842981.097494903
12956891.868324677,4842981.097494903
12956891.868324677,4842981.097494903
12956891.868324677,4842981.097494903
12956891.868324677,4842981.097494903
12956891.868324677,4842981.097494903
12956891.868324677,4842981.097494903
12956891.868324677,4842981.097494903
12956891.868324677,4842981.097494903
12956891.868324677,4842981.097494903
12956891.868324677,4842981.097494903
12956891.868324677,4842981.097494903
12956891.868324677,4842981.097494903
12956891.868324677,4842981.097494903
12956891.868324677,4842981.097494903
12956891.868324677,4842981.097494903
12956891.868324677,4842981.097494903
12956891.868324677,4842981.097494903
12956891.868324677,4842981.097494903
12956891.868324677,4842981.097494903
12956891.868324677,4842981.097494903
12956891.868324677,4842981.097494903
12956891.868324677,4842981.097494903
12956891.868324677,4842981.097494903
12956891.868324677,4842981.097494903
12956891.868324677,4842981.097494903
12956891.868324677,4842981.097494903
12956891.868324677,4842981.097494903
12956891.868324677,4842981.097494903
12956891.868324677,4842981.097494903
12956891.868324677,4842981.097494903
12956891.868324677,4842981.097494903
12956891.868324677,4842981.097494903
12956891.868324677,4842981.097494903
12956891.868324677,4842981.097494903
12956891.868324677,4842981.097494903
12956891.868324677,4842981.097494903
12956891.868324677,4842981.097494903
12956891.868324677,4842981.097494903
12956891.868324677,4842981.097494903
12956891.868324677,4842981.097494903
12956891.868324677,4842981.097494903
12956891.868324677,4842981.097494903
12956891.868324677,4842981.097494903
12956891.868324677,4842981.097494903
12956891.868324677,4842981.097494903
12956891.868324677,4842981.097494903
12956891.868324677,4842981.097494903
12956891.868324677,4842981.097494903
12956891.868324677,4842981.097494903
12956891.868324677,4842981.097494903
12956891.868324677,4842981.097494903
12956891.868324677,4842981.097494903
12956891.868324677,4842981.097494903
12956891.868324677,4842981.097494903
12956891.868324677,4842981.097494903
12956891.868324677,4842981.097494903
12956891.868324677,4842981.097494903
12956891.868324677,4842981.097494903
12956891.868324677,4842981.097494903
12956891.868324677,4842981.097494903
12956891.868324677,4842981.097494903
12956891.868324677,4842981.097494903
12956891.868324677,4842981.097494903
12956891.868324677,4842981.097494903
12956891.868324677,4842981.097494903
12956891.868324677,4842981.097494903
12956891.868324677,4842981.097494903
12956891.868324677,4842981.097494903
12956891.868324677,4842981.097494903
12956891.868324677,4842981.097494903
12956891.868324677,4842981.097494903
12956891.868324677,4842981.097494903
12956891.868324677,4842981.097494903
12956891.868324677,4842981.097494903
12956891.868324677,4842981.097494903
12956891.868324677,4842981.097494903
12956891.868324677,4842981.097494903
12956891.868324677,4842981.097494903
12956891.868324677,4842981.097494903
12956891.868324677,4842981.097494903
12956891.868324677,4842981.097494903
12956891.868324677,4842981.097494903
12956891.868324677,4842981.097494903
12956891.868324677,4842981.097494903
12956891.868324677,4842981.097494903
12956891.868324677,4842981.097494903
12956891.868324677,4842981.097494903
12956891.868324677,4842981.097494903
12956891.868324677,4842981.097494903
12956891.868324677,4842981.097494903
12956891.868324677,4842981.097494903
12956891.868324677,4842981.097494903
12956891.868324677,4842981.097494903
12956891.868324677,4842981.097494903
12956891.868324677,4842981.097494903
12956891.868324677,4842981.097494903
12956891.868324677,4842981.097494903
12956891.868324677,4842981.097494903
12956891.868324677,4842981.097494903
12956891.868324677,4842981.097494903
12956891.868324677,4842981.097494903
12956891.868324677,4842981.097494903
12956891.868324677,4842981.097494903
12956891.868324677,4842981.097494903
12956891.868324677,4842981.097494903
12956891.868324677,4842981.097494903
12956891.868324677,4842981.097494903
12956891.868324677,4842981.097494903
12956891.868324677,4842981.097494903
12956891.868324677,4842981.097494903
12956891.868324677,4842979.64767553
12956891.868324677,4842979.64767553
12956891.868324677,4842979.64767553
12956852.9065029,4842882.51025844
12956855.132892717,4842892.658899467
12956858.47247744,4842902.807550844
12956860.698867256,4842908.606784846
12956860.698867256,4842911.506403115
12956860.698867256,4842912.956212563
12956860.698867256,4842915.855832099
12956861.812062163,4842915.855832099
12956862.925257072,4842920.205262982
12956864.038451979,4842923.104884628
12956865.151646888,4842924.554695771
12956866.264841795,4842927.454318683
12956867.378036702,4842928.904130455
12956867.378036702,4842928.904130455
12956867.378036702,4842930.353942437
12956867.378036702,4842930.353942437
12956868.491231611,4842933.25356704
12956868.491231611,4842934.703379659
12956868.491231611,4842936.153192487
12956869.60442652,4842937.603005528
12956869.60442652,4842939.052818778
12956870.717621427,4842939.052818778
12956870.717621427,4842940.502632242
12956870.717621427,4842941.952445913
12956871.830816334,4842941.952445913
12956871.830816334,4842941.952445913
12956872.944011243,4842943.402259797
12956872.944011243,4842943.402259797
12956874.05720615,4842944.852073894
12956874.05720615,4842944.852073894
12956875.17040106,4842946.301888199
12956875.17040106,4842946.301888199
12956875.17040106,4842946.301888199
12956876.283595966,4842947.751702718
12956876.283595966,4842950.651332388
12956877.396790873,4842950.651332388
12956877.396790873,4842952.101147537
12956877.396790873,4842950.651332388
12956876.283595966,4842950.651332388
12956876.283595966,4842949.201517447
12956875.17040106,4842949.201517447
12956875.17040106,4842947.751702718
12956875.17040106,4842947.751702718
12956875.17040106,4842947.751702718
12956875.17040106,4842949.201517447
12956876.283595966,4842950.651332388
12956876.283595966,4842953.550962902
12956877.396790873,4842953.550962902
12956877.396790873,4842955.000778475
12956877.396790873,4842955.000778475
12956877.396790873,4842956.450594258
12956877.396790873,4842956.450594258
12956877.396790873,4842956.450594258
12956877.396790873,4842956.450594258
12956878.509985782,4842956.450594258
12956878.509985782,4842956.450594258
12956878.509985782,4842956.450594258
12956878.509985782,4842956.450594258
12956878.509985782,4842956.450594258
12956878.509985782,4842956.450594258
12956878.509985782,4842956.450594258
12956878.509985782,4842956.450594258
12956878.509985782,4842957.900410255
12956878.509985782,4842957.900410255
12956879.623180691,4842957.900410255
12956879.623180691,4842957.900410255
12956879.623180691,4842957.900410255
12956879.623180691,4842959.35022646
12956879.623180691,4842959.35022646
12956880.736375598,4842959.35022646
12956880.736375598,4842959.35022646
12956880.736375598,4842959.35022646
12956880.736375598,4842959.35022646
12956880.736375598,4842959.35022646
12956880.736375598,4842959.35022646
12956880.736375598,4842959.35022646
12956880.736375598,4842960.80004288
12956880.736375598,4842960.80004288
12956880.736375598,4842960.80004288
12956880.736375598,4842962.249859509
12956881.849570505,4842962.249859509
12956881.849570505,4842963.699676351
12956881.849570505,4842963.699676351
12956924.150977006,4843015.893223221
12956924.150977006,4843015.893223221
12956920.811392283,4843011.543750533
12956917.471807562,4843007.194279739
12956915.245417746,4843004.294633605
12956913.019027928,4843002.844810851
12956910.792638112,4843001.394988307
12956910.792638112,4843001.394988307
12956909.679443207,4843001.394988307
12956909.679443207,4843001.394988307
12956909.679443207,4843002.844810851
12956908.566248296,4843002.844810851
12956908.566248296,4843004.294633605
12956908.566248296,4843004.294633605
12956908.566248296,4843002.844810851
12956907.45305339,4843001.394988307
12956906.33985848,4842999.94516598
12956904.113468664,4842998.495343861
12956903.000273757,4842997.045521953
12956901.887078848,4842995.595700254
12956901.887078848,4842995.595700254
12956901.887078848,4842995.595700254
12956900.77388394,4842995.595700254
12956900.77388394,4842995.595700254
12956900.77388394,4842995.595700254
12956900.77388394,4842995.595700254
12956900.77388394,4842995.595700254
12956899.660689035,4842995.595700254
12956899.660689035,4842995.595700254
12956899.660689035,4842995.595700254
12956899.660689035,4842995.595700254
12956899.660689035,4842995.595700254
12956899.660689035,4842994.145878769
12956899.660689035,4842994.145878769
12956899.660689035,4842994.145878769
12956899.660689035,4842994.145878769
12956899.660689035,4842992.6960574975
12956899.660689035,4842992.6960574975
12956899.660689035,4842992.6960574975
12956899.660689035,4842992.6960574975
12956899.660689035,4842992.6960574975
12956899.660689035,4842992.6960574975
12956899.660689035,4842992.6960574975
12956899.660689035,4842991.246236436
12956899.660689035,4842991.246236436
12956899.660689035,4842991.246236436
12956899.660689035,4842991.246236436
12956899.660689035,4842991.246236436
12956899.660689035,4842991.246236436
12956899.660689035,4842991.246236436
12956899.660689035,4842991.246236436
12956899.660689035,4842991.246236436
12956898.547494125,4842991.246236436
12956898.547494125,4842989.796415582
12956898.547494125,4842989.796415582
12956898.547494125,4842989.796415582
12956898.547494125,4842989.796415582
12956898.547494125,4842989.796415582
12956898.547494125,4842989.796415582
12956898.547494125,4842989.796415582
12956899.660689035,4842989.796415582
12956899.660689035,4842989.796415582
12956899.660689035,4842989.796415582
12956899.660689035,4842989.796415582
12956899.660689035,4842989.796415582
12956899.660689035,4842989.796415582
12956899.660689035,4842989.796415582
12956899.660689035,4842989.796415582
12956899.660689035,4842988.346594938
12956899.660689035,4842988.346594938
12956899.660689035,4842988.346594938
12956899.660689035,4842988.346594938
12956899.660689035,4842988.346594938
12956899.660689035,4842988.346594938
12956899.660689035,4842988.346594938
12956899.660689035,4842988.346594938
12956899.660689035,4842988.346594938
12956899.660689035,4842988.346594938
12956899.660689035,4842988.346594938
12956899.660689035,4842988.346594938
12956899.660689035,4842988.346594938
12956899.660689035,4842988.346594938
12956899.660689035,4842988.346594938
12956899.660689035,4842988.346594938
12956924.150977006,4843004.294633605
12956924.150977006,4843004.294633605
12956898.547494125,4842978.197856369
12956898.547494125,4842978.197856369
12956898.547494125,4842978.197856369
12956898.547494125,4842978.197856369
12956898.547494125,4842978.197856369
12956898.547494125,4842978.197856369
12956898.547494125,4842978.197856369
12956898.547494125,4842978.197856369
12956898.547494125,4842978.197856369
12956898.547494125,4842978.197856369
12956898.547494125,4842978.197856369
12956898.547494125,4842978.197856369
12956898.547494125,4842978.197856369
12956898.547494125,4842978.197856369
12956898.547494125,4842978.197856369
12956898.547494125,4842978.197856369
12956898.547494125,4842978.197856369
12956898.547494125,4842978.197856369
12956898.547494125,4842978.197856369
12956898.547494125,4842978.197856369
12956898.547494125,4842978.197856369
12956898.547494125,4842978.197856369
12956898.547494125,4842978.197856369
12956898.547494125,4842978.197856369
12956898.547494125,4842978.197856369
12956898.547494125,4842978.197856369
12956898.547494125,4842978.197856369
12956898.547494125,4842978.197856369
12956898.547494125,4842978.197856369
12956898.547494125,4842978.197856369
12956898.547494125,4842979.64767553
12956898.547494125,4842979.64767553
12956898.547494125,4842979.64767553
12956898.547494125,4842979.64767553
12956898.547494125,4842979.64767553
12956898.547494125,4842979.64767553
12956898.547494125,4842979.64767553
12956898.547494125,4842979.64767553
12956898.547494125,4842979.64767553
12956898.547494125,4842979.64767553
12956898.547494125,4842979.64767553
12956898.547494125,4842979.64767553
12956898.547494125,4842979.64767553
12956898.547494125,4842979.64767553
12956898.547494125,4842979.64767553
12956898.547494125,4842979.64767553
12956898.547494125,4842979.64767553
12956898.547494125,4842979.64767553
12956898.547494125,4842979.64767553
12956898.547494125,4842979.64767553
12956898.547494125,4842979.64767553
12956898.547494125,4842979.64767553
12956898.547494125,4842979.64767553
12956898.547494125,4842979.64767553
12956898.547494125,4842979.64767553
12956898.547494125,4842979.64767553
12956898.547494125,4842979.64767553
12956898.547494125,4842979.64767553
12956898.547494125,4842979.64767553
12956898.547494125,4842979.64767553
12956898.547494125,4842979.64767553
12956898.547494125,4842979.64767553
12956898.547494125,4842979.64767553
12956898.547494125,4842979.64767553
12956898.547494125,4842979.64767553
12956898.547494125,4842979.64767553
12956898.547494125,4842979.64767553
12956898.547494125,4842979.64767553
12956898.547494125,4842979.64767553
12956898.547494125,4842979.64767553
12956898.547494125,4842979.64767553
12956898.547494125,4842979.64767553
12956898.547494125,4842979.64767553
12956898.547494125,4842979.64767553
12956898.547494125,4842979.64767553
12956898.547494125,4842979.64767553
12956898.547494125,4842979.64767553
12956898.547494125,4842979.64767553
12956898.547494125,4842979.64767553
12956898.547494125,4842979.64767553
12956898.547494125,4842979.64767553
12956898.547494125,4842979.64767553
12956898.547494125,4842979.64767553
12956898.547494125,4842979.64767553
12956898.547494125,4842979.64767553
12956897.434299216,4842979.64767553
12956897.434299216,4842979.64767553
12956897.434299216,4842979.64767553
12956897.434299216,4842979.64767553
12956897.434299216,4842979.64767553
12956897.434299216,4842979.64767553
12956897.434299216,4842979.64767553
12956897.434299216,4842979.64767553
12956897.434299216,4842979.64767553
12956897.434299216,4842979.64767553
12956897.434299216,4842979.64767553
12956897.434299216,4842979.64767553
12956897.434299216,4842979.64767553
12956897.434299216,4842979.64767553
12956897.434299216,4842979.64767553
12956897.434299216,4842979.64767553
12956897.434299216,4842979.64767553
12956897.434299216,4842979.64767553
12956897.434299216,4842979.64767553
12956897.434299216,4842979.64767553
12956897.434299216,4842979.64767553
12956897.434299216,4842979.64767553
12956897.434299216,4842979.64767553
12956897.434299216,4842979.64767553
12956897.434299216,4842979.64767553
12956897.434299216,4842979.64767553
12956897.434299216,4842979.64767553
12956897.434299216,4842979.64767553
12956897.434299216,4842979.64767553
12956897.434299216,4842979.64767553
12956897.434299216,4842979.64767553
12956897.434299216,4842978.197856369
12956897.434299216,4842978.197856369
12956897.434299216,4842978.197856369
12956897.434299216,4842978.197856369
12956897.434299216,4842978.197856369
12956897.434299216,4842979.64767553
12956897.434299216,4842978.197856369
12956897.434299216,4842978.197856369
12956897.434299216,4842978.197856369
12956897.434299216,4842978.197856369
12956897.434299216,4842978.197856369
12956897.434299216,4842978.197856369
12956897.434299216,4842978.197856369
12956897.434299216,4842978.197856369
12956897.434299216,4842978.197856369
12956897.434299216,4842978.197856369
12956897.434299216,4842978.197856369
12956897.434299216,4842978.197856369
12956897.434299216,4842978.197856369
12956897.434299216,4842978.197856369
12956897.434299216,4842978.197856369
12956897.434299216,4842978.197856369
12956897.434299216,4842978.197856369
12956906.33985848,4843001.394988307
12956906.33985848,4843001.394988307
12956906.33985848,4843001.394988307
12956851.793307992,4842944.852073894
12956857.35928253,4842953.550962902
12956860.698867256,4842959.35022646
12956866.264841795,4842965.149493401
12956868.491231611,4842968.0491281375
12956869.60442652,4842969.49894582
12956869.60442652,4842969.49894582
12956869.60442652,4842968.0491281375
12956869.60442652,4842968.0491281375
12956870.717621427,4842966.599310664
12956870.717621427,4842966.599310664
12956871.830816334,4842968.0491281375
12956871.830816334,4842969.49894582
12956871.830816334,4842969.49894582
12956872.944011243,4842970.948763718
12956872.944011243,4842970.948763718
12956872.944011243,4842970.948763718
12956874.05720615,4842969.49894582
12956874.05720615,4842969.49894582
12956874.05720615,4842970.948763718
12956875.17040106,4842970.948763718
12956875.17040106,4842970.948763718
12956877.396790873,4842970.948763718
12956877.396790873,4842969.49894582
12956878.509985782,4842969.49894582
12956879.623180691,4842969.49894582
12956879.623180691,4842969.49894582
12956879.623180691,4842969.49894582
12956879.623180691,4842969.49894582
12956879.623180691,4842968.0491281375
12956879.623180691,4842966.599310664
12956879.623180691,4842966.599310664
12956880.736375598,4842966.599310664
12956880.736375598,4842966.599310664
12956880.736375598,4842965.149493401
12956880.736375598,4842965.149493401
12956880.736375598,4842965.149493401
12956880.736375598,4842965.149493401
12956880.736375598,4842965.149493401
12956880.736375598,4842965.149493401
12956881.849570505,4842965.149493401
12956882.962765414,4842965.149493401
12956881.849570505,4842965.149493401
12956882.962765414,4842965.149493401
12956882.962765414,4842965.149493401
12956882.962765414,4842965.149493401
12956882.962765414,4842965.149493401
12956882.962765414,4842965.149493401
12956882.962765414,4842965.149493401
12956882.962765414,4842965.149493401
12956882.962765414,4842965.149493401
12956882.962765414,4842963.699676351
12956882.962765414,4842963.699676351
12956882.962765414,4842963.699676351
12956882.962765414,4842965.149493401
12956882.962765414,4842965.149493401
12956884.075960321,4842965.149493401
12956884.075960321,4842965.149493401
12956884.075960321,4842965.149493401
12956884.075960321,4842965.149493401
12956884.075960321,4842965.149493401
12956884.075960321,4842966.599310664
12956884.075960321,4842966.599310664
12956884.075960321,4842966.599310664
12956885.18915523,4842966.599310664
12956885.18915523,4842966.599310664
12956885.18915523,4842968.0491281375
12956885.18915523,4842968.0491281375
12956885.18915523,4842968.0491281375
12956885.18915523,4842968.0491281375
12956885.18915523,4842968.0491281375
12956885.18915523,4842968.0491281375
12956885.18915523,4842968.0491281375
12956885.18915523,4842968.0491281375
12956886.302350137,4842968.0491281375
12956886.302350137,4842968.0491281375
12956886.302350137,4842968.0491281375
12956886.302350137,4842968.0491281375
12956886.302350137,4842968.0491281375
12956886.302350137,4842968.0491281375
12956886.302350137,4842968.0491281375
12956886.302350137,4842968.0491281375
12956886.302350137,4842968.0491281375
12956886.302350137,4842968.0491281375
12956886.302350137,4842968.0491281375
12956886.302350137,4842968.0491281375
12956886.302350137,4842968.0491281375
12956886.302350137,4842969.49894582
12956887.415545044,4842969.49894582
12956886.302350137,4842969.49894582
12956886.302350137,4842969.49894582
12956886.302350137,4842969.49894582
12956886.302350137,4842969.49894582
12956886.302350137,4842969.49894582
12956886.302350137,4842969.49894582
12956886.302350137,4842969.49894582
12956886.302350137,4842969.49894582
12956886.302350137,4842969.49894582
12956886.302350137,4842969.49894582
12956886.302350137,4842969.49894582
12956886.302350137,4842969.49894582
12956886.302350137,4842969.49894582
12956886.302350137,4842969.49894582
12956886.302350137,4842969.49894582
12956886.302350137,4842969.49894582
12956886.302350137,4842969.49894582
12956886.302350137,4842969.49894582
12956886.302350137,4842969.49894582
12956887.415545044,4842969.49894582
12956887.415545044,4842969.49894582
12956918.585002467,4842991.246236436
12956918.585002467,4842989.796415582
12956915.245417746,4842986.896774511
12956914.132222835,4842986.896774511
12956914.132222835,4842986.896774511
12956914.132222835,4842986.896774511
12956914.132222835,4842986.896774511
12956914.132222835,4842986.896774511
12956914.132222835,4842986.896774511
12956914.132222835,4842986.896774511
12956914.132222835,4842986.896774511
12956913.019027928,4842986.896774511
12956913.019027928,4842986.896774511
12956913.019027928,4842986.896774511
12956913.019027928,4842986.896774511
12956913.019027928,4842986.896774511
12956906.33985848,4842991.246236436
12956901.887078848,4842994.145878769
12956901.887078848,4842994.145878769
12956901.887078848,4842994.145878769
12956900.77388394,4842994.145878769
12956900.77388394,4842994.145878769
12956900.77388394,4842994.145878769
12956900.77388394,4842994.145878769
12956900.77388394,4842992.6960574975
12956900.77388394,4842992.6960574975
12956900.77388394,4842992.6960574975
12956875.17040106,4842966.599310664
12956875.17040106,4842965.149493401
12956892.981519585,4842969.49894582
12956892.981519585,4842969.49894582
12956892.981519585,4842969.49894582
12956894.094714493,4842969.49894582
12956894.094714493,4842969.49894582
12956894.094714493,4842969.49894582
12956894.094714493,4842969.49894582
12956894.094714493,4842969.49894582
12956894.094714493,4842969.49894582
12956894.094714493,4842969.49894582
12956894.094714493,4842969.49894582
12956894.094714493,4842970.948763718
12956895.207909402,4842970.948763718
12956895.207909402,4842970.948763718
12956923.037782101,4842999.94516598
12956923.037782101,4842999.94516598
12956923.037782101,4842999.94516598
12956923.037782101,4842999.94516598
12956923.037782101,4842999.94516598
12956921.92458719,4842999.94516598
12956921.92458719,4842999.94516598
12956921.92458719,4842999.94516598
12956921.92458719,4842999.94516598
12956921.92458719,4842999.94516598
12956879.623180691,4842973.848400145
12956879.623180691,4842973.848400145
12956880.736375598,4842972.398581828
12956881.849570505,4842972.398581828
12956881.849570505,4842970.948763718
12956882.962765414,4842969.49894582
12956884.075960321,4842969.49894582
12956885.18915523,4842970.948763718
12956885.18915523,4842970.948763718
12956886.302350137,4842970.948763718
12956886.302350137,4842970.948763718
12956886.302350137,4842970.948763718
12956886.302350137,4842970.948763718
12956886.302350137,4842969.49894582
12956886.302350137,4842969.49894582
12956886.302350137,4842969.49894582
12956886.302350137,4842969.49894582
12956887.415545044,4842970.948763718
12956887.415545044,4842972.398581828
12956888.528739953,4842973.848400145
12956888.528739953,4842975.298218673
12956889.641934862,4842976.748037416
12956890.75512977,4842978.197856369
12956890.75512977,4842979.64767553
12956890.75512977,4842979.64767553
12956891.868324677,4842979.64767553
12956891.868324677,4842981.097494903
12956891.868324677,4842981.097494903
12956891.868324677,4842981.097494903
12956891.868324677,4842981.097494903
12956892.981519585,4842979.64767553
12956892.981519585,4842979.64767553
12956892.981519585,4842979.64767553
12956892.981519585,4842981.097494903
12956894.094714493,4842981.097494903
12956895.207909402,4842981.097494903
12956895.207909402,4842981.097494903
12956895.207909402,4842981.097494903
12956896.321104309,4842981.097494903
12956896.321104309,4842981.097494903
12956896.321104309,4842981.097494903
12956896.321104309,4842979.64767553
12956896.321104309,4842979.64767553
12956896.321104309,4842979.64767553
12956896.321104309,4842979.64767553
12956896.321104309,4842979.64767553
12956897.434299216,4842979.64767553
12956897.434299216,4842979.64767553
12956897.434299216,4842979.64767553
12956897.434299216,4842979.64767553
12956897.434299216,4842979.64767553
12956897.434299216,4842979.64767553
12956897.434299216,4842979.64767553
12956897.434299216,4842979.64767553
12956898.547494125,4842979.64767553
12956898.547494125,4842981.097494903
12956897.434299216,4842978.197856369
12956897.434299216,4842978.197856369
12956899.660689035,4842972.398581828
12956899.660689035,4842972.398581828
12956900.77388394,4842970.948763718
12956900.77388394,4842969.49894582
12956899.660689035,4842968.0491281375
12956907.45305339,4842973.848400145
12956908.566248296,4842975.298218673
12956913.019027928,4842982.547314486
12956915.245417746,4842975.298218673
12956916.358612655,4842943.402259797
12956935.282926088,4842944.852073894
12956951.980849704,4842907.1569760265
12956950.867654799,4842853.514198218
12956955.32043443,4842683.888937996
12956964.225993693,4842505.568062567
12956986.489891851,4842402.6363282
12956986.489891851,4842402.6363282
12956990.942671483,4842331.599554686
12956995.395451115,4842215.62223818
12956998.735035839,4842128.64013735
12957025.451713629,4842090.948129643
12957038.810052523,4842131.539528469
12957036.583662707,4842227.2199090365
12957039.923247434,4842304.054819692
12957041.03644234,4842425.83211912
12957038.810052523,4842504.118312443
12957037.696857618,4842583.85488287
12957049.942001605,4842591.103693665
12957083.337848842,4842592.553456456
12957102.262162277,4842596.902746104
12957128.97884007,4842602.701801919
12957153.46912804,4842604.151566398
12957167.940661846,4842604.151566398
12957166.827466935,4842607.051095996
12957165.71427203,4842617.199456231
12957166.827466935,4842627.347826816
12957165.71427203,4842634.596669278
12957173.506636385,4842647.644599012
12957173.506636385,4842647.644599012
12957173.506636385,4842647.644599012
12957173.506636385,4842647.644599012
12957173.506636385,4842647.644599012
12957173.506636385,4842647.644599012
12957173.506636385,4842647.644599012
12957173.506636385,4842647.644599012
12957173.506636385,4842647.644599012
12957173.506636385,4842647.644599012
12957173.506636385,4842647.644599012
12957173.506636385,4842647.644599012
12957172.393441478,4842647.644599012
12957172.393441478,4842647.644599012
12957172.393441478,4842647.644599012
12957172.393441478,4842647.644599012
12957172.393441478,4842647.644599012
12957172.393441478,4842647.644599012
12957172.393441478,4842647.644599012
12957172.393441478,4842647.644599012
12957172.393441478,4842647.644599012
12957172.393441478,4842649.094370036
12957172.393441478,4842649.094370036
12957172.393441478,4842649.094370036
12957172.393441478,4842649.094370036
12957172.393441478,4842649.094370036
12957172.393441478,4842649.094370036
12957171.280246567,4842649.094370036
12957171.280246567,4842649.094370036
12957171.280246567,4842649.094370036
12957171.280246567,4842649.094370036
12957171.280246567,4842649.094370036
12957171.280246567,4842649.094370036
12957171.280246567,4842649.094370036
12957171.280246567,4842649.094370036
12957171.280246567,4842649.094370036
12957171.280246567,4842649.094370036
12957171.280246567,4842649.094370036
12957171.280246567,4842649.094370036
12957171.280246567,4842647.644599012
12957171.280246567,4842647.644599012
12957171.280246567,4842647.644599012
12957171.280246567,4842647.644599012
12957171.280246567,4842647.644599012
12957171.280246567,4842647.644599012
12957171.280246567,4842647.644599012
12957171.280246567,4842647.644599012
12957170.167051662,4842647.644599012
12957170.167051662,4842647.644599012
12957170.167051662,4842647.644599012
12957170.167051662,4842647.644599012
12957170.167051662,4842647.644599012
12957170.167051662,4842647.644599012
12957170.167051662,4842647.644599012
12957170.167051662,4842647.644599012
12957169.053856755,4842647.644599012
12957169.053856755,4842647.644599012
12957169.053856755,4842647.644599012
12957111.16772154,4842636.046438402
12957111.16772154,4842636.046438402
12957112.280916449,4842636.046438402
12957167.940661846,4842637.496207737
12957167.940661846,4842637.496207737
12957167.940661846,4842637.496207737
12957167.940661846,4842638.945977287
12957167.940661846,4842638.945977287
12957167.940661846,4842638.945977287
12957167.940661846,4842638.945977287
12957167.940661846,4842638.945977287
12957167.940661846,4842638.945977287
12957167.940661846,4842638.945977287
12957167.940661846,4842638.945977287
12957167.940661846,4842638.945977287
