0,11703.21374476238,30165.321393944858,14447.606268999192,15506.31744745428,10651.523189995083,67598.32218982742,14945.155853151611,30858.916067783037,14728.321636172404,31257.389058228244,56490.30775020521,55515.87065193592,19760.24777135049,16104.059618531543,35708.23296077812,17540.750234325293,14014.955567822328,15455.768803855924,18226.364877899112,11813.196822277103,14448.571373141463,25051.208021194037,19904.56707747153,10905.4932646731,19439.2469312742,20226.395233131763,21360.779160299542,13179.091720814924,13208.906978189836,11906.327082714703,23942.91164458358,49671.463312683074,68233.56445358529,13898.315758408227,14421.706162877399,15478.125352274934,16390.36940419414,13882.054436043192,29839.356831903482,19249.12003660931,8074.69320471334,9851.087494689913,9934.16096647972,8301.878448016452,9681.415481146269,10546.86030815684,10584.683802259962,15905.177237659986,13974.08840655539,14097.108637606885,35623.53224503481,68155.73521213833,17942.171991716656,72679.88547422213,20934.523638254057,13713.359445240401,17007.709118476916,13195.211008262077,37903.54682229416,47000.98936412862,58069.5638404724,12652.607660676425,13802.180815170861,10065.204417303208,12793.425962232785,15001.706588737112,11267.75138758848,10472.08837637071
11703.21374476238,0,25244.650709717716,14077.808925045509,13117.661994177852,11669.644439783337,62906.57530399657,20362.004807832505,37455.62214657941,17279.434008747714,26139.801921739418,61555.34355201059,61358.80131563271,15993.503019894735,18667.98361159021,21618.11830483469,19607.058632926273,13940.0925182281,18769.232944904565,20137.489772520854,10281.866374571602,16886.47141969823,28049.93378831993,17629.444463592095,13089.570450099762,19908.104028533548,16425.063664465735,22027.262145543787,14140.591663949926,16875.727242521934,14658.01118715354,15966.067960173843,49198.266759520455,80706.89451371958,16915.443479089146,17725.78940193582,18615.41277990289,20620.881922174598,19996.006072712335,35620.46371334803,23900.81191598037,12283.363847326458,12489.178892453823,11077.105253753287,11587.03851480435,11277.587970022241,14453.760735760614,14366.907242356696,14151.581925714048,13503.384165220708,13416.973265307468,36914.237334595826,63062.670685515586,14743.258109856371,65632.18345777849,15889.622028973581,14819.982985225344,15170.750160066656,10845.408081663716,32294.651979812144,60914.46377025724,71026.14115719691,15590.471645971389,15668.841956742112,14964.575247948225,18108.994282820124,20589.941592133822,17611.86781730368,15948.411393368939
30165.321393944858,25244.650709717716,0,30230.72589962175,29295.898545234286,33074.64452983746,86746.88765609301,38727.114619508975,57859.6931187892,36445.29878085728,43661.56552612726,83143.40810882226,86259.80599774503,31212.09710673748,37147.40460799776,31247.201419469147,35949.29566019109,25376.936747969186,34414.86947073647,34930.63993175183,27611.485271585854,34421.405249074945,47218.301760920695,36216.82957675346,28135.736683232262,38934.09124521425,34114.71155976078,135981.11247052756,33271.77915393408,36034.44905953858,33295.79031092632,32788.621753619605,67676.52804144536,162702.35452193237,32823.302986942384,34439.246335346725,37272.19406397128,43106.57497160854,50436.10930050194,68821.12125178766,66030.25121530033,30868.21136658157,29202.77929442113,29705.346179714095,29635.206313025214,29861.738007145632,32912.08256722502,33464.463527466214,28943.89085381493,26938.59411029532,27165.56395837571,33064.86178109152,57415.159163109165,34976.66164895729,57260.87528455754,29393.29959022175,28949.448094235715,30154.455068185,35751.787424461356,77639.82056886825,137711.3223537507,176597.93685510443,32964.81703991748,33142.861208696806,34696.52084919093,41787.74923347199,47097.37365620231,44455.609665799224,46215.892178298855
14447.606268999192,14077.808925045509,30230.72589962175,0,16806.15799298796,11635.887072004918,67914.72006832939,23216.391633242372,43323.239589880504,22776.130880084966,29876.28566446108,64689.20263580044,65568.10388375905,18811.58272131762,18916.968043782916,24643.524734803188,16986.17825714564,15664.913690798194,15500.339140262906,18750.98384074091,11988.305970916372,20158.998128059975,35992.07130562386,25100.1747808887,17446.996535422517,27184.368167687684,23439.839320704938,48804.036433582834,18384.745866494097,16992.209713909946,19766.337904314456,15364.49153728666,52945.34313507539,88794.44455538975,14033.954720266893,14697.228473034958,17337.505387581394,18511.901633853115,16859.439748113065,31753.998437773218,21306.516400786557,14836.406109600945,14855.809296267293,14322.551636147946,13541.226758809524,15204.633751108162,14345.730423897778,12868.091935806664,21180.87869291592,18635.57214422031,18804.65263185698,43458.73000223552,67430.6861032592,20645.453466906605,69576.1188313045,23396.713638011915,18677.0443999252,21842.800251227105,18380.50215989736,44131.30629751421,65346.0167017709,84541.12607906236,15514.007588479479,16141.424978727928,14354.242234938616,17711.0109514492,20730.710565700996,15835.290966295568,16267.993430142267
15506.31744745428,13117.661994177852,29295.898545234286,16806.15799298796,0,12737.066088699816,60493.47433466119,23153.519927426016,45080.119312453724,22471.04420773104,26588.261277637783,65149.038113972216,66991.72449074136,17365.020165035618,18868.612122229028,21960.201773666024,21721.98588391453,15568.837476550074,18843.662027330614,18032.49354053501,11905.775203367028,18886.355040237653,32111.39328374888,20720.020087707988,13593.19520382509,24780.492589081758,18748.518782601674,22375.31372055028,18243.962844491518,20941.49442440269,18230.596677383182,13873.711966577575,50144.12250515748,77365.89775358816,19205.18457272891,20266.058490795418,21436.253834671283,23173.91371130154,22865.063045858675,38921.71432890887,24635.13742034733,15675.180771320089,15053.868660431965,14342.903230376558,14892.75455464333,14666.844479891637,14880.395922646941,15733.651604157472,15860.078071891894,15574.682773214896,15313.907455600622,41957.87008366618,64419.74663690347,16310.05676092471,65569.77303377303,18117.338346541743,15686.567517039508,20132.371146280435,16318.5286929432,41044.20996537181,59316.844310639,66222.88569721328,17500.63254128164,17921.038346715213,16156.808464482976,21268.881373983008,24546.382582888335,21228.097869373003,20932.753544206564
10651.523189995083,11669.644439783337,33074.64452983746,11635.887072004918,12737.066088699816,0,63699.66460458071,20622.64393397898,46690.18256691475,20712.621713324446,25554.584159883125,61634.480515890245,61876.39242231569,16569.993835182955,15083.14836597849,20984.218401815702,17353.95986580955,12716.660474922193,16333.45508923635,14958.971574382806,8794.018107332176,15487.88096823251,31200.74817262887,19134.815170330963,12832.683501394966,24397.63691859008,17984.477331169477,28972.100449220565,15905.054738562148,16652.187359434785,15732.820088405837,8844.27164988483,42676.817936703366,77607.06839039928,12436.307055557256,14865.075636813346,15118.95253677031,16505.51184057344,15165.242133624384,30457.025990875074,17614.844786732294,10687.582663592322,10634.038095242366,9893.956956544813,9337.362992634145,10367.350023678948,9516.865528888911,9097.479983918272,16838.10678038101,16076.64352437071,16213.626287410983,47729.93957473998,65455.52578021292,16165.42756404362,67777.8242359084,19493.37545528308,17339.874857868876,19823.17947467762,14033.410840454844,40563.71780904475,54385.411860460175,66814.17463875045,13267.601025337495,12286.510548764489,11336.100724510397,14239.4079833511,16147.783978030231,13569.028195991139,13080.600597192702
67598.32218982742,62906.57530399657,86746.88765609301,67914.72006832939,60493.47433466119,63699.66460458071,0,76549.4810769303,110163.17681059137,75688.48367803778,82491.35968893557,116163.34486579506,116173.95981162551,58954.844938706105,57439.39363107731,59412.73204366066,57320.24165370213,67474.79304082763,53827.89980459207,57787.87194451352,59682.50659913205,67233.46083784026,81026.79595757095,69013.79868331902,54496.3930252801,75992.71894476318,61842.47517788022,14593.625396439984,71284.24649385523,76889.09806456031,69882.75732364673,63978.515265197246,89441.45274310414,78936.06288068126,66936.9462784093,72190.56128394893,74651.3685650237,75222.06540134769,71948.77600071102,88368.46226416575,65214.168827036745,69142.0766935735,64892.86429552365,68432.50027122436,66130.6641671129,68253.21976745645,66611.20388458006,66360.66940426793,54376.45244140356,54366.66676232845,54388.253953126055,50253.45575121606,39686.264148609574,60106.67352214855,40205.89864857965,66048.15683793809,62645.05980035586,66679.98079691555,65750.87587321193,68257.17126331746,66967.8996711509,62879.66028723171,70688.45042965656,69248.6967261676,69922.12341074776,73241.75392456622,76643.35508930801,72591.3831484174,71614.943597551
14945.155853151611,20362.004807832505,38727.114619508975,23216.391633242372,23153.519927426016,20622.64393397898,76549.4810769303,0,28194.652260703082,12191.14990547504,26746.672764702405,43630.35308758311,43515.22874792727,28555.4424557043,24744.571839298587,53285.74434400433,28424.925179876267,21492.932763975754,23836.667874077077,23831.90555172204,23424.131784015586,19042.744332152964,22930.79355812448,21419.121011050163,17182.948721827594,19443.411668908593,26045.083167723475,8043.421552670362,16086.044768021893,16167.040061114787,16684.80904048026,34663.56622855218,49071.59886457107,53743.58730366339,20148.981354566593,19308.056433762384,19425.48862096915,20804.676513035687,21351.217922222157,37285.59153993454,28530.554431526754,15134.97258096588,16033.828460495206,15592.504668422425,17486.374041862375,17413.219153037007,18614.54837555982,18430.505094877124,24334.48913173441,24241.10623712628,24139.62532952689,43364.46817509864,79852.91180739057,26536.95085205114,82687.01381799685,22246.528150097874,20945.12620803974,19104.7407201493,18730.805506229928,30309.346097805505,32735.889675638256,45871.064817319406,15446.263850118805,16021.787060071485,15753.59932571688,18795.577822663483,17282.528699947525,16673.187278846483,16776.556741310433
30858.916067783037,37455.62214657941,57859.6931187892,43323.239589880504,45080.119312453724,46690.18256691475,110163.17681059137,28194.652260703082,0,21134.735251026115,36109.19610518921,19581.864188161555,16894.675818657244,57594.89359464112,35758.490600690355,57102.993403981556,39327.30505114671,35785.65383786191,39894.5687963418,41490.47686414824,43023.03825792481,27941.366372870212,24449.452396255365,28714.389807374577,37129.54083837081,24476.294276778586,33412.75942207086,19530.72134204608,25802.216232105056,32165.192584973724,24542.138140058036,40053.965073671665,42783.14634794184,40747.99145319522,35051.705064562695,34807.01782865663,38624.5608312839,42111.16984471149,50723.15714721531,63447.00576740725,54065.24299470371,28370.191019149283,28822.62515007921,27568.244311396942,30917.37550814239,27180.442195699572,32752.850098035004,34855.67162554203,39380.34312634205,36531.539602096644,37030.96132484327,62903.89557674035,103173.47578739063,52964.0033086771,112138.40486004364,38335.918492058634,37425.08853828902,38631.11069679184,44970.227218358414,39999.16482557876,19835.938684821802,38789.33078212406,30968.189163356164,33814.81169960937,40615.50090746494,42690.29698927972,44175.802200677994,42985.07179362717,45658.38941754937
14728.321636172404,17279.434008747714,36445.29878085728,22776.130880084966,22471.04420773104,20712.621713324446,75688.48367803778,12191.14990547504,21134.735251026115,0,20056.692629982495,44202.16954262699,43182.44346503635,27389.15109315888,20377.153349914202,40493.04072058169,24301.60468478893,19239.218612545756,24371.895081648767,26103.643892659602,21757.705487085463,12411.148483296207,15248.09139660075,12513.378462599732,20503.213874140885,10307.645461349508,17011.276134125288,8034.257940382721,10228.37135472424,16772.34197996624,9087.615341374782,23700.129359210558,42037.47617529304,53787.66775751089,18473.610227277906,17787.7147961117,18723.676443879627,20005.947387556003,21609.80849469033,36527.35643219868,28302.830542023188,12233.017007673267,13183.288689716377,11168.657429537127,15472.860150368113,11616.333183008093,16596.624469064915,18858.477777286305,22674.635001865045,21516.545907490985,21036.5085171468,46196.14189131058,79762.83886577973,26048.000895173376,82286.96888073067,20810.26187411578,18935.678148115385,18444.847002186725,17476.40667994392,30340.467481361084,32787.222021828755,45881.87753556854,12870.488179239825,14284.403918634393,15995.966539438223,17691.146809683032,17435.529904017247,16256.969267033748,15916.097618521888
31257.389058228244,26139.801921739418,43661.56552612726,29876.28566446108,26588.261277637783,25554.584159883125,82491.35968893557,26746.672764702405,36109.19610518921,20056.692629982495,0,43902.14917122278,43928.739964432236,32954.140353259216,35929.08759492168,34284.59714571472,42230.81790185346,35523.32675049683,43291.434516586014,44553.89055278519,29526.155299652106,28481.8408564061,23559.514972215682,20573.49792177699,37021.939725653036,20622.846596615258,25739.282902778254,8045.821181141732,24920.472432328326,33485.05209911174,22920.249374798645,16995.883005551466,32226.898065936773,54963.22798554988,29344.081994116314,25514.29913652736,23918.13930672074,24724.145678592045,27366.16466514776,42532.71324345738,34157.01879771671,30324.793173643175,31016.5453388806,27135.67252005035,33146.063728305366,27456.763772841918,34242.18513391736,36848.27249228613,38818.68706170767,39254.36424536281,38592.30396754743,61279.60067660096,84436.63077720415,31364.786970538607,88038.86329430345,32378.645102299117,30697.769067147707,25918.18081546965,22536.36859706498,37442.39579469945,42785.94017964191,45880.26114242595,21523.09381336019,20618.579945962152,20008.87010891483,22743.395175275266,22523.954744581093,21581.250881757038,22003.781096949042
56490.30775020521,61555.34355201059,83143.40810882226,64689.20263580044,65149.038113972216,61634.480515890245,116163.34486579506,43630.35308758311,19581.864188161555,44202.16954262699,43902.14917122278,0,2568.8444373415305,67807.5766869957,65699.38288435625,75189.43555196353,73251.74243451493,63912.5710800683,71191.98714286702,65678.80142660909,65851.10517767578,54451.80445914346,38755.96917177338,48187.65797786696,64214.01058177744,42923.77414305334,57918.07268534875,41391.375722020246,48782.15507407763,50376.73123078408,49553.092186617374,55347.771285960756,28412.738592489604,27156.832558015634,58788.2446958984,55029.325711869315,56316.64256796588,54757.23412288606,57076.57577288024,68136.9123040383,60070.51710060822,54358.63235648177,55726.256480877084,52747.39074157806,57031.39281492911,55210.80161673372,57386.6989070691,59871.505676447814,69817.00910112103,69731.27543612258,69042.6392318811,100445.7744243798,122503.07621357887,68253.5921664284,124075.73592770545,58079.93005234315,63600.15702707234,59140.89528505628,58118.28489898623,47321.650199457385,11426.222923540512,26692.17605689451,52139.321953895334,52911.909080583115,55350.72760577544,54976.15695809452,54165.516659573485,52678.831568260735,53038.93491739869
55515.87065193592,61358.80131563271,86259.80599774503,65568.10388375905,66991.72449074136,61876.39242231569,116173.95981162551,43515.22874792727,16894.675818657244,43182.44346503635,43928.739964432236,2568.8444373415305,0,68292.07295235258,67262.89053150617,78492.98085161045,74902.55042709879,65928.27187747616,72817.44590723992,66342.50518402942,66317.9082379424,54826.6385928875,38440.64946154862,49180.231726330174,64004.03261207627,42737.36283758293,58953.02314667963,41414.387563133816,48676.53128292928,49387.17670659019,49355.54970121239,56947.194023518954,28287.908480122616,28133.40718328796,59850.18661858086,55827.72419949099,56745.76346444369,55270.539022091056,57082.44707413846,68392.25618074121,60496.54641095757,53704.92346879638,55647.764179794336,53236.967005971346,56526.195647899905,55345.48037801585,56902.84053181371,59080.27478391432,70828.4477099863,70011.70659166737,69978.0340411458,103026.82677459304,122588.20093334047,68533.67577659318,124265.34132780047,59897.95930960696,64446.52535039364,59492.50465289246,58357.51070798541,47953.341700418976,12293.8419301116,28134.79053983954,52831.079962933625,53841.251762138876,55521.17854080966,55486.537658407324,54628.068372868765,53240.419145290274,53597.521701885606
19760.24777135049,15993.503019894735,31212.09710673748,18811.58272131762,17365.020165035618,16569.993835182955,58954.844938706105,28555.4424557043,57594.89359464112,27389.15109315888,32954.140353259216,67807.5766869957,68292.07295235258,0,27128.62421605587,22890.640017154114,25914.688992660314,14207.726215691964,22983.850006100696,16782.691505008173,14565.263684703792,26844.727184823896,36737.33096044577,25607.851648754757,17996.306169800107,29313.44894770338,21645.572429900265,39484.75277536699,24148.75103054596,29481.72740272467,22450.553727810842,18194.38504481441,44211.359874591544,94675.38955998946,21259.212183882322,23022.051085679515,23144.950682417522,23918.302743628192,24014.0907093858,39805.262014803404,31486.325947477097,22707.306064378547,21190.78557389332,19812.40059281583,17062.526703020958,21429.18571191285,19389.48847289099,19588.54830325891,17697.570838976033,17702.345387761445,17564.133942619064,42588.176595403624,57914.03375455342,18843.70827759321,59677.020048219485,21072.111617897615,21058.59802271602,23808.256831122206,19952.915620084263,47587.08706348328,74941.07315980994,84677.93136158325,20997.8043232223,20573.46523631685,20178.25442680984,23142.872995699207,26482.344078497736,22169.772917815142,22810.88910584749
16104.059618531543,18667.98361159021,37147.40460799776,18916.968043782916,18868.612122229028,15083.14836597849,57439.39363107731,24744.571839298587,35758.490600690355,20377.153349914202,35929.08759492168,65699.38288435625,67262.89053150617,27128.62421605587,0,118036.22771261174,14986.132375469224,19015.348744056766,13629.471540486213,20384.815116630998,15637.019165972846,19744.21961511169,22377.83312510211,17836.532648110064,20285.174057809676,22132.714423954683,20640.213242249614,14832.16172412424,16715.636637393134,24040.141789514364,15990.252219724196,28973.813085244707,52984.478834542715,65970.99905171228,15812.601861356734,20382.630429980632,23400.661505211745,22808.325856448668,22367.8095749537,36183.580299506306,23197.66669918036,16353.037211937912,15128.678452520651,13545.919871511658,15570.77748661219,13142.555988533184,15811.72781921539,14707.958090043421,17666.77878912741,17990.186737826964,16911.45375790814,40443.628898181814,64975.17048798351,21923.489694272197,67298.43142121147,26820.735602849625,19218.99763269186,24245.163354460423,21741.56180871453,37804.51203933243,44937.58139112873,55981.45334047004,20524.20912296893,20502.391571712382,19338.525835391334,21678.9735885339,24382.019635592664,20634.92126019256,21301.468985609237
35708.23296077812,21618.11830483469,31247.201419469147,24643.524734803188,21960.201773666024,20984.218401815702,59412.73204366066,53285.74434400433,57102.993403981556,40493.04072058169,34284.59714571472,75189.43555196353,78492.98085161045,22890.640017154114,118036.22771261174,0,119734.0016588488,122827.59647838381,127483.51408984825,132398.06298312527,19013.729813284543,112251.04618211612,121397.14241394721,119065.53443175259,116483.1355004153,88712.96332939836,51705.71109481367,59450.116977645615,117870.61523396857,114035.48234007969,115872.11123939224,41848.45895558385,53355.50698005763,107455.3579476787,24165.96930170103,26773.292304081733,29556.801059026988,29806.6059228867,30014.10418413362,46467.83579629994,32919.66019690035,127950.97947436951,126538.59960640575,118090.77673684843,115923.14113127695,93774.87561224974,88164.76595483987,36314.737861323294,82556.29313585727,77574.29037726687,63578.45192789629,55628.19159720289,56313.16210628969,26865.062013922485,54321.398688810885,33366.253830596914,28127.58202816942,29010.56635959456,28814.908865556812,57627.50536850215,81392.94898378427,98102.74077985165,27468.51408312949,27489.009312916172,26971.140659938905,30911.877785489873,34661.22147173409,31114.736869284225,31434.23773225339
17540.750234325293,19607.058632926273,35949.29566019109,16986.17825714564,21721.98588391453,17353.95986580955,57320.24165370213,28424.925179876267,39327.30505114671,24301.60468478893,42230.81790185346,73251.74243451493,74902.55042709879,25914.688992660314,14986.132375469224,119734.0016588488,0,19394.367851011495,15116.929998896472,22132.974491153967,13847.980575469765,19466.928991354762,24337.360897129834,22811.796970851807,20269.719715691263,27068.137907846816,26120.679864628983,27967.631415314787,19089.101328417113,24259.238107666806,19646.319106226652,34091.49874775252,58634.14876628263,82135.35597337704,15103.452161382724,19724.70295681971,22994.756089030918,24467.359942087518,21114.681362278283,34722.40438565295,20718.118803603284,17531.920635377104,17970.243889791698,16391.45808286472,17511.67262235385,15584.614763381007,17635.46839455899,16643.979278118215,18643.223585775788,17788.736601521803,17419.383432133098,37548.90015436223,60951.36391271745,25374.742089404164,62869.17670717309,30133.00713829912,21359.75273129383,29242.508625130482,27146.875061698225,43327.38172838102,58248.638906459055,68648.30139315521,21324.121117037637,21583.634937932227,22412.25020006147,25568.88489469221,28306.049945660507,23915.5099565887,23188.594522985433
14014.955567822328,13940.0925182281,25376.936747969186,15664.913690798194,15568.837476550074,12716.660474922193,67474.79304082763,21492.932763975754,35785.65383786191,19239.218612545756,35523.32675049683,63912.5710800683,65928.27187747616,14207.726215691964,19015.348744056766,122827.59647838381,19394.367851011495,0,13022.994765014777,14054.448542189177,12601.605783866264,23352.530260688603,25103.564745962965,22914.892160028998,19947.55400715411,24326.559298861586,24593.917155969826,38837.13752177013,17641.042012085505,24372.30541568869,18499.22702452702,33107.52907913577,52522.99904816482,98654.25287928066,14413.844694723437,15107.130793477181,16004.853224686532,17872.037617130656,18138.649696860255,34341.37011878227,24533.43790470101,14387.2898033595,12090.948434466425,12972.88800836436,13046.900441672327,13067.982749653833,14693.067713173934,16117.526347063169,15592.143896689055,16579.757134899177,16079.656226860818,35470.879231157414,66107.710326794,21998.63226226342,65976.87097993385,22889.83913305664,19793.51004995719,23334.686579386922,19140.97736314084,51212.192339591624,73971.70903408453,85138.75633400165,14745.087972269996,14149.88205938562,15536.959629441088,18230.081639750842,21247.109137819254,17989.99108679456,17305.082142271796
15455.768803855924,18769.232944904565,34414.86947073647,15500.339140262906,18843.662027330614,16333.45508923635,53827.89980459207,23836.667874077077,39894.5687963418,24371.895081648767,43291.434516586014,71191.98714286702,72817.44590723992,22983.850006100696,13629.471540486213,127483.51408984825,15116.929998896472,13022.994765014777,0,13961.38852215296,12913.978549545523,20290.73413795463,25704.522450824028,22851.465325062185,19429.634121826733,28321.169231381824,27585.148990151534,21193.134143631618,17685.123896667727,23365.461500521193,18046.767715072856,35837.873405439495,60531.47767784918,77069.67014170588,15340.057642018737,20025.30381995294,21689.757616805855,23241.028200440327,22013.814934238613,37896.83871392359,29598.101873039792,15058.84038588578,14042.686338088624,14171.64296390794,14421.64517561823,14933.444543402682,16820.497048878373,13547.632822508966,16760.39534305672,16608.289435097027,16034.478012479287,34501.92861343801,61341.0151488188,23136.23360157529,62028.9900799591,28087.35645033367,20485.90000594901,26533.23757569445,23844.342529450216,47663.45521108448,56842.42715143057,65975.3358786653,20860.306241709175,21346.593587823758,21101.168134217867,24312.77537503277,27582.200942026604,23203.907042150553,23897.359019755815
18226.364877899112,20137.489772520854,34930.63993175183,18750.98384074091,18032.49354053501,14958.971574382806,57787.87194451352,23831.90555172204,41490.47686414824,26103.643892659602,44553.89055278519,65678.80142660909,66342.50518402942,16782.691505008173,20384.815116630998,132398.06298312527,22132.974491153967,14054.448542189177,13961.38852215296,0,14495.28171874411,26981.055822502953,30037.472205388807,28422.881498014343,22381.2124104456,31008.042948131897,29039.356525847892,26586.54945109903,21292.712024077275,28891.515930552014,22951.745193280436,39458.34744107432,60470.04309367423,79401.22300557245,19405.043416882232,20779.866150538815,20297.186622731628,18282.610060491836,18800.140197276385,32788.32335523514,25509.621737440808,18191.09405545106,16527.471946320442,19010.35331762235,14944.650845020255,19950.968766341055,17633.33729482258,14434.298879889273,22300.74613342924,19294.163099310717,18948.907580801744,40106.307577609914,63489.18311730565,21637.881753599002,65408.683502258515,27222.625387378266,23751.797108440674,24603.201581097688,19719.455739755143,48342.2864279427,57882.82912051535,66196.88703136839,21720.486217303645,20934.99902339432,18469.35598182821,20006.767262870377,22732.085129366005,18071.3069732868,18747.493514430083
11813.196822277103,10281.866374571602,27611.485271585854,11988.305970916372,11905.775203367028,8794.018107332176,59682.50659913205,23424.131784015586,43023.03825792481,21757.705487085463,29526.155299652106,65851.10517767578,66317.9082379424,14565.263684703792,15637.019165972846,19013.729813284543,13847.980575469765,12601.605783866264,12913.978549545523,14495.28171874411,0,16664.776619714296,33575.470290124715,22694.328626846018,12525.503441153489,25434.463266914892,19962.031579796203,25454.066437989186,17650.185207913557,17638.307037254723,18262.114278335714,14071.72364347662,52116.20572678814,80398.09007019176,14888.49292089986,16593.02981394258,17964.062302812166,19193.714461555242,15562.27253320481,30717.35316235736,20007.787428659194,13051.562633836558,13462.555703397102,13107.430599934047,10642.664437736323,12513.451027834688,11205.405537689574,12009.809018994054,14305.310516981792,13078.97769529071,13369.85472697769,37543.05833994337,60992.085208496836,13411.579188709813,63321.72983578179,19428.455222599474,14789.888960764007,18816.409330632556,15263.597789400197,42357.44857506557,59039.19117289714,68106.35339883507,16498.872975516504,16533.173882821353,14471.582892432532,18429.930245651674,20822.634157547684,17104.74315753851,16038.661816358192
14448.571373141463,16886.47141969823,34421.405249074945,20158.998128059975,18886.355040237653,15487.88096823251,67233.46083784026,19042.744332152964,27941.366372870212,12411.148483296207,28481.8408564061,54451.80445914346,54826.6385928875,26844.727184823896,19744.21961511169,112251.04618211612,19466.928991354762,23352.530260688603,20290.73413795463,26981.055822502953,16664.776619714296,0,16339.891478662577,13999.404876046661,20185.12662754526,17334.851329720434,16593.96363979713,16296.455206175628,14417.40539660331,19291.284243801645,12560.027528295497,26989.141836443087,48414.59668391672,59013.09049849067,18057.895331726017,19376.43794102625,21111.81001106085,23631.986500147064,23214.54373026223,39224.44627859045,26598.09203864579,15608.997274354513,16498.511148302157,14543.168083619856,18150.531995082736,15184.658869117164,18285.223522051798,16037.796488781036,19625.79885717383,19355.142917686077,18048.814148464553,41856.568125882644,69685.03192649558,20161.905403037646,71422.04655483054,20466.218494999866,15896.26343304614,18315.433345708494,18924.513395147867,30918.56879712883,37180.43705220319,52022.563669065436,16787.11656946493,17087.2494572545,15875.704681868929,20970.728285825982,21046.388998274444,20135.97079497038,19278.66369932397
25051.208021194037,28049.93378831993,47218.301760920695,35992.07130562386,32111.39328374888,31200.74817262887,81026.79595757095,22930.79355812448,24449.452396255365,15248.09139660075,23559.514972215682,38755.96917177338,38440.64946154862,36737.33096044577,22377.83312510211,121397.14241394721,24337.360897129834,25103.564745962965,25704.522450824028,30037.472205388807,33575.470290124715,16339.891478662577,0,10909.680319088731,28528.455980592862,14519.063947401874,17447.259834340493,7209.974877622813,13856.730961617286,26862.246614996846,14611.976347831986,33278.084604143485,33614.09659256654,52124.785358195804,33781.180630255,32307.34602613508,32377.978164972777,32860.12996300578,33734.84141437618,48736.052907615456,36636.802710216914,19713.632493506993,20048.062457843298,17177.079217473005,22367.321757508507,20272.76152499853,25113.320802801154,30199.25993491304,25450.182330665248,28466.00907638412,27533.706271455037,53294.53966177369,85107.7175583565,34249.25375030373,87296.79197808685,27685.855836859315,29518.874583557375,25053.653298492496,25135.304214134718,27212.091558413358,35132.65332322229,49939.02376742843,27347.14843817686,27617.008304571933,26629.860128017805,30343.221299144723,29396.88135324816,29034.51365768637,29165.836535948692
19904.56707747153,17629.444463592095,36216.82957675346,25100.1747808887,20720.020087707988,19134.815170330963,69013.79868331902,21419.121011050163,28714.389807374577,12513.378462599732,20573.49792177699,48187.65797786696,49180.231726330174,25607.851648754757,17836.532648110064,119065.53443175259,22811.796970851807,22914.892160028998,22851.465325062185,28422.881498014343,22694.328626846018,13999.404876046661,10909.680319088731,0,23898.246424119498,11395.544516984648,8233.81337466892,4704.003240317335,12422.362412236718,26223.759633604164,11406.504055504147,24744.766585527163,37862.280219896405,56311.974259601666,23705.98867195422,22880.540068209113,23247.28411121438,23523.16310737698,23799.016387074927,40016.75684148741,27749.83815630771,18184.034363607458,16915.761995264886,14153.998958737237,19658.84575475984,16556.574966736214,21477.979750548973,24622.0401995246,21480.64961986318,23482.110492504256,22667.661129702843,48156.299404542355,75432.02451178452,22386.958756480995,76021.77486919037,19208.25643557381,19394.43649297191,17100.396075266282,14142.976600080761,32592.33733330473,37414.04350829713,49280.55712125254,18112.347826752895,18000.33958231376,15873.54796516299,20005.778037452543,20265.781756030232,19483.70197095145,18719.001670594
10905.4932646731,13089.570450099762,28135.736683232262,17446.996535422517,13593.19520382509,12832.683501394966,54496.3930252801,17182.948721827594,37129.54083837081,20503.213874140885,37021.939725653036,64214.01058177744,64004.03261207627,17996.306169800107,20285.174057809676,116483.1355004153,20269.719715691263,19947.55400715411,19429.634121826733,22381.2124104456,12525.503441153489,20185.12662754526,28528.455980592862,23898.246424119498,0,27766.251507997804,24986.304239182828,18015.1175705381,20579.890698912648,22843.31433984166,20168.37804806912,39224.302844487276,55282.225702896096,73450.9570633578,18918.741236431655,21305.316390977652,22650.144762707638,24790.768125412378,24496.39486855914,41796.46287883547,29681.78970754992,17986.64283771785,17867.37328361726,17785.677553168312,18253.15239192283,17523.434409326972,14141.116180129577,13327.113807942087,15701.365224064535,15000.322395797233,14095.484158924357,30475.17539109104,60279.10740508651,15764.821299231911,62591.594789072085,20102.539454341895,12636.022421840129,16130.297087381281,15912.420897892542,41761.396137416596,54804.346179933396,60885.06438929225,18957.96063459165,19398.820326766298,16055.151945309086,21632.84541896893,23703.70832699062,21743.63893985603,21053.648411154634
19439.2469312742,19908.104028533548,38934.09124521425,27184.368167687684,24780.492589081758,24397.63691859008,75992.71894476318,19443.411668908593,24476.294276778586,10307.645461349508,20622.846596615258,42923.77414305334,42737.36283758293,29313.44894770338,22132.714423954683,88712.96332939836,27068.137907846816,24326.559298861586,28321.169231381824,31008.042948131897,25434.463266914892,17334.851329720434,14519.063947401874,11395.544516984648,27766.251507997804,0,13279.175682083345,3897.3355234025466,14448.324599954056,26005.62401668909,14555.989350016134,27005.060133077433,38937.25075180861,53095.68856848598,24292.431562707385,23459.33015220738,24895.79380289161,26014.809256812383,26935.712442758755,42479.431806142544,33479.583180477115,19594.27129441588,17900.32066201467,17913.48011250801,21379.68588081411,17778.717540222966,22925.33464839698,24183.841648891717,24568.321639877864,24950.10767364641,24496.84573715943,49444.735280659144,80519.57267426034,27818.541974105512,82841.84788058652,19996.675748500966,20636.603353922284,18769.413187062302,18790.039976898686,29177.797760314417,36699.18857721408,51501.864261581344,18098.243887742814,19312.796213453123,19711.738478971798,23038.62047969301,22621.889595405228,21946.159748953713,22220.451956975907
20226.395233131763,16425.063664465735,34114.71155976078,23439.839320704938,18748.518782601674,17984.477331169477,61842.47517788022,26045.083167723475,33412.75942207086,17011.276134125288,25739.282902778254,57918.07268534875,58953.02314667963,21645.572429900265,20640.213242249614,51705.71109481367,26120.679864628983,24593.917155969826,27585.148990151534,29039.356525847892,19962.031579796203,16593.96363979713,17447.259834340493,8233.81337466892,24986.304239182828,13279.175682083345,0,14720.866139652937,15390.418861341424,27227.947499132344,15508.511882817918,24403.41099258954,41746.642214399566,65129.172362602934,23582.21698396498,23530.93564756262,24584.692703537035,26192.651301812843,21674.14416129183,38797.17023253597,26137.105878962764,20884.74918758225,17343.48460368658,17792.190221380297,20936.014135123187,17541.436944006255,21958.353980575215,23878.790137282896,20861.528620394613,20967.714545123083,21131.915536462075,45888.84439370386,70252.99803344691,20712.015707271523,68781.44405478239,20077.362190501455,18931.319458460763,16997.368010363,15169.101772890981,32963.21123382154,44945.6998875131,60172.747284185156,20046.221619438093,19521.914302291287,16876.1722810883,22743.081606859254,20172.60383616054,18755.41418524876,17636.620044852556
21360.779160299542,22027.262145543787,135981.11247052756,48804.036433582834,22375.31372055028,28972.100449220565,14593.625396439984,8043.421552670362,19530.72134204608,8034.257940382721,8045.821181141732,41391.375722020246,41414.387563133816,39484.75277536699,14832.16172412424,59450.116977645615,27967.631415314787,38837.13752177013,21193.134143631618,26586.54945109903,25454.066437989186,16296.455206175628,7209.974877622813,4704.003240317335,18015.1175705381,3897.3355234025466,14720.866139652937,0,15013.032755578664,26912.019390451525,15666.849966646125,15355.321414942791,24884.752454638336,52647.00457426731,31438.128833060848,31590.64274687633,25656.471179859465,31681.236993362454,29002.382320618806,88509.57731946546,31723.555743449142,21394.943858892042,17632.261028201374,21802.37069111545,24267.225188125936,25352.443761347073,23825.20763462841,21583.815067684103,31078.46549704646,31104.481045665936,31127.268816988304,84350.36373200719,84361.4082633813,23357.013002859607,81625.64332609848,25777.3264306981,18798.45617335663,31167.920457573437,21667.92518092085,32140.847892006772,37995.81983247078,57173.66647781713,23567.35244352119,24646.752745535356,28857.408218952347,26635.50200142896,24905.598000371476,26560.438224427347,24290.374839498112
13179.091720814924,14140.591663949926,33271.77915393408,18384.745866494097,18243.962844491518,15905.054738562148,71284.24649385523,16086.044768021893,25802.216232105056,10228.37135472424,24920.472432328326,48782.15507407763,48676.53128292928,24148.75103054596,16715.636637393134,117870.61523396857,19089.101328417113,17641.042012085505,17685.123896667727,21292.712024077275,17650.185207913557,14417.40539660331,13856.730961617286,12422.362412236718,20579.890698912648,14448.324599954056,15390.418861341424,15013.032755578664,0,19820.828080136474,8513.29141472905,28687.285029788894,42400.942902817216,64836.36732503011,16034.916480266562,14478.857104512002,15128.738699282936,15819.234720879616,16613.833471873215,31536.463581265765,19655.064686276095,12435.260071751789,11875.989180968832,8045.6525281218,14067.014413211567,11869.098693882626,15241.62995846257,16734.8001275894,19863.514092879715,19754.684899291988,19743.256269817313,43622.334786205705,76202.64923650134,23901.069929931313,79177.1942957475,19772.566629770867,17084.423904826624,17096.138507735042,15198.998169960061,34608.167791270884,41824.55382075376,55264.4109870774,11299.929669376697,11161.686091434416,11648.272975816739,13199.41355557378,14373.785116823656,12238.148598995289,12251.74830833406
13208.906978189836,16875.727242521934,36034.44905953858,16992.209713909946,20941.49442440269,16652.187359434785,76889.09806456031,16167.040061114787,32165.192584973724,16772.34197996624,33485.05209911174,50376.73123078408,49387.17670659019,29481.72740272467,24040.141789514364,114035.48234007969,24259.238107666806,24372.30541568869,23365.461500521193,28891.515930552014,17638.307037254723,19291.284243801645,26862.246614996846,26223.759633604164,22843.31433984166,26005.62401668909,27227.947499132344,26912.019390451525,19820.828080136474,0,19147.083261803247,35915.673923378126,54648.45644653066,49158.50868985179,15065.531456884659,15597.417733502343,18238.38458738279,20014.523058241484,18866.352912673377,34439.56426745523,26958.544965390363,19295.756596738007,22788.473964903358,18754.94240751844,22022.406156574965,17648.64332192227,17623.807955070362,14927.400707791096,23174.375735773483,21137.920809254047,19883.557030171545,44434.9453776053,76052.08630532841,24407.10699714566,81088.64041746518,25046.446044614597,17645.360915937763,21784.309060085634,20154.73257291957,41390.3893242233,26025.421489957134,30193.330726232754,13748.946436973489,15269.504648894386,13305.845317811774,17293.93671549644,18188.988443709528,14936.964129973356,15135.452615807404
11906.327082714703,14658.01118715354,33295.79031092632,19766.337904314456,18230.596677383182,15732.820088405837,69882.75732364673,16684.80904048026,24542.138140058036,9087.615341374782,22920.249374798645,49553.092186617374,49355.54970121239,22450.553727810842,15990.252219724196,115872.11123939224,19646.319106226652,18499.22702452702,18046.767715072856,22951.745193280436,18262.114278335714,12560.027528295497,14611.976347831986,11406.504055504147,20168.37804806912,14555.989350016134,15508.511882817918,15666.849966646125,8513.29141472905,19147.083261803247,0,26605.71390613105,41593.85641634429,63735.28503768224,15915.962745716886,15418.284521674828,16528.89801841113,17167.23943232604,16965.862472965222,31823.28685759911,18568.6792072457,12498.00109658382,12267.406769406965,8178.739751315573,14908.456676545658,9727.53784174681,15685.437416346416,16720.01714937544,19226.996866266945,19600.13500586884,18323.099295120304,43739.038304482696,76147.06994274848,23598.84182342287,78121.51852899544,19337.82753053243,18174.452999030636,17544.618890714177,13400.62563787932,35589.52319930896,41756.25937639385,53111.5062475227,10630.443420790874,11139.564079530664,13328.632141199994,13934.435258078158,15512.00809396833,13088.057009063647,12064.657115716458
