0,15977.715367010733,2105.0599940090838,7278.231401801388,18092.73124434118,14059.47335279652,15011.499407355364,11681.998007819333,20545.04849248278,17989.323708153606,17715.373177529782,19080.4963589499,21368.314358284115,7359.806692704042,19391.634187566342,15201.693882558651,18397.913158854266,18458.58239380319,12886.288795196358,11963.038728706615,15115.244570257782,13091.08311056599,12372.812489309339,17891.525020572593,17217.45428950844,19600.221611504625,14543.291912334029,15329.457691990123,14829.14812157465,15781.489243926104,15521.527895517505,19626.972939588402,15194.734264985493,24339.45290777283,7721.880157096035,5663.046449761011,10644.318479592286,17593.15658460325,7381.633048738282,17449.729247677235,16665.587446447567,17215.13216651108,16402.78471508153,5582.885908143273,6973.4227979015,13545.338768627798,17672.214944966538,16337.026683233002,16836.017125579267,17769.241293907886,14282.967875270153,14882.996871230342,20076.567205783056,13494.898668189207,28904.755622760706,14977.761851830504,17671.319715214988,13818.640536670442,9560.168542662452,22237.411265863288,18496.536318780483,16688.83520075181,11766.605672140005,14570.937267020538,12922.207794071273,18283.646032161454,13750.59041450466,15280.084088039524,10527.471195125217
15977.715367010733,0,17555.755358857212,22178.194942750546,17272.953428520956,23478.038727231367,23616.147685851618,16248.478292553029,16942.290135966214,13091.448795080547,16476.46508024313,18121.149416671582,22508.08550182529,11326.76323928419,17785.355734765242,18564.15594954582,14591.995273347604,21915.088127261042,7378.190747908424,15059.375463342583,14967.501250222746,13152.501787994004,16346.262230654676,14173.294395085368,14353.757846503719,16876.043583511324,12816.159306359596,16091.758976557207,18535.08784621238,19439.790573790804,20094.153526025602,22924.15141111617,18293.859746056394,13389.083113560708,14976.049021262772,18795.805547141455,15635.015974189228,22418.45602582671,11450.8848398191,17207.68958469399,19447.77089797679,23857.287888909043,16362.344399507707,12890.708770944235,18109.76061936447,21485.415603616857,19696.18040906988,18436.595990951228,15898.58034175843,15276.244968099258,12667.708903634315,21172.614680082672,14662.07106677652,18730.49270296938,30348.36554271743,19196.68154208245,20395.450833027502,14683.251136204388,20483.65493582531,18821.068083321145,15180.752155694327,19488.851205443592,22549.878084670738,8703.83232018328,10442.031631925976,19440.141762712796,13916.434484092208,28150.259724268875,18765.27751561617
2105.0599940090838,17555.755358857212,0,6061.459133598919,19342.478944917173,13271.586343578056,14086.487341470078,11228.040442715152,19845.711312593532,18264.698781749765,17447.807293359903,19256.205512893106,20539.071820171885,8289.511613761491,18848.0413089674,14269.379093324771,18480.181583129262,18320.721474010963,13210.412456986163,11716.659484452435,14300.145124497789,13229.58072832604,10943.219401742417,17821.98313627162,16571.750478847698,18550.06546750545,13942.213510590025,16096.247973683014,14370.595431703136,15399.905794811802,14447.377882568935,18653.369498779768,15016.845494628635,21183.64068601062,8410.210479541809,5785.92227637323,12175.455844030788,16790.129755004757,8982.788498317226,19195.87250110108,15992.828629141015,16144.150458273994,16355.502911937148,4984.538218455293,7063.046656724374,12731.20331195362,15838.399634473044,16084.402297379807,15574.429753721208,17368.024128511435,14725.67150499012,14081.686496354863,19460.416073438795,13659.003912787874,27555.995863402855,13862.530682215418,16305.082395835605,16409.677339098413,11678.20445337461,21745.965430067325,18216.937986045614,16634.01625495989,10024.150034694365,16565.5864245597,13382.936878184664,17749.713057702425,12734.27443773517,17115.4979477327,9501.250698406266
7278.231401801388,22178.194942750546,6061.459133598919,0,20591.38337993925,12937.055236434811,14844.377958455078,13679.241434089947,23048.965985687468,21906.670573305564,21009.586070559722,22812.15786996104,25848.701094741577,13401.263721773128,21492.77876326413,17631.03612687134,21646.009653512516,20252.358522139835,17967.227688559786,14876.503760292451,17329.791143163122,17291.20189877065,14522.1967378128,21654.75265660317,21469.4877861081,21736.578991839662,19842.42772275266,20423.919122269235,18307.190249297462,18074.1233803276,15922.600648866226,20447.366061717577,18297.606714314523,26214.627468155442,12013.422408632785,5928.137728032257,14810.092724797632,18529.960439293016,12835.005477925984,18712.734620428815,18314.241049881417,16405.63944238367,18908.107083606363,9791.765903820218,5525.503488668676,13355.801960536126,19153.41883061473,18230.278253799035,19293.073171583048,20920.95332621562,19185.21101673629,16070.565442173276,24033.349480451587,13424.156608767615,25037.836565990958,11846.703847074356,18611.48464637038,18507.53016559359,10364.005252470877,24802.3189490885,21663.176787973618,19638.895091594644,11394.745746112152,18757.49934846782,17898.487898956508,20210.441822441455,17267.031528251115,15686.999818227408,8607.01706756708
18092.73124434118,17272.953428520956,19342.478944917173,20591.38337993925,0,13591.533030913677,11572.205920607443,9351.597042190722,2541.338867573374,9822.112230451863,4520.87639770714,6760.110195700086,9018.615865300453,18432.42036728073,3119.525581776894,7205.1043012362115,4006.8021852936513,10994.734507680485,17545.440131615345,7407.114650049125,15582.49658490141,8408.954281296765,11124.959571763888,6707.25477388085,7339.083971325263,1949.1915802067624,15934.838646759734,20757.87060720839,9414.499312506072,8059.040567333407,7385.9029430275305,7617.7248923123525,4985.375409751112,12086.17156563565,20011.953983757103,21517.122232555546,14854.653564309028,7904.302565742902,20035.823783269723,9839.037219881979,9183.563616658656,11364.541567169603,7886.011031101785,17600.708319749345,21166.52739754928,14295.119886471148,6264.4654137863745,10134.531319063797,3839.0637745402632,4525.0305100469295,20472.994761519516,10036.653395532763,9724.344887209796,12994.321207368432,26890.45621592596,15345.324661389557,8562.211994767735,9848.068930434756,16702.01915565904,3773.4816388875147,3920.137188652798,7380.277665509055,15523.083066876543,13904.547339708068,10780.442214008986,5166.597228617628,13603.022357211756,22904.949275308205,16516.344669562117
14059.47335279652,23478.038727231367,13271.586343578056,12937.055236434811,13591.533030913677,0,3034.1351051962097,9593.107879205958,14665.930753407752,15948.273500902696,13494.497678501504,14068.801777180306,17196.429839083317,17924.027727108918,13407.04653166517,10015.124103084374,14821.500810290583,7393.652224079301,19242.215963682913,9306.246985620352,17748.428536833777,12146.496026904984,13892.381140229572,15881.004122550983,13532.051060924296,14449.75923155994,22576.14909384388,25696.118619916997,7394.329140143095,9084.865383669317,7517.875361557094,12726.763308343781,9854.72395779875,23115.208354253376,18342.19695382747,16302.760817009317,16353.986773058563,10304.650674572436,21503.205977948695,14969.205982185193,13027.190149477805,5497.356169307122,9907.602700840083,18400.42533442568,16785.722371295164,9604.540706574997,11010.82276379327,12003.498186233728,13062.456383314675,12225.567255047139,21478.065501791436,4199.907189398864,20583.798737970505,18955.981022602256,26312.322543656905,15769.60928788666,12355.10081241124,17976.21367445444,11423.953111363264,17055.463616531586,12830.85534275525,10487.600451663731,9985.413617277358,19195.435257476456,16702.14059425123,13577.221545224238,19035.07567455944,12674.279094375466,18551.628630629562
15011.499407355364,23616.147685851618,14086.487341470078,14844.377958455078,11572.205920607443,3034.1351051962097,0,9559.522172071036,13863.311292160717,15736.945970759436,11365.021481129534,11253.779109528921,18666.166445022216,18404.062746566313,12417.866625203398,8710.570611304294,13623.691562940414,6563.388449264175,19183.249309115454,8876.800292709435,19002.51075601001,11606.409530973058,15965.185614473532,14527.59333944146,12394.95768901218,13051.230928404397,23449.187309568395,25965.162977132248,8141.649077287239,8735.793395257604,6312.137179790368,11968.808662293073,8684.658625072048,22277.029071841356,19035.697575449365,17251.740579179583,19032.30796728641,8160.866022590803,21969.14020743194,13676.601418346276,11977.818939102532,4169.198114684982,8923.003484463183,18032.224953282126,18145.260465399053,5907.031352452552,11814.322292947048,12888.854186471503,11899.369261487953,11071.426626891605,23035.702190586766,3492.438318056179,18680.979984561418,16727.53339715934,26351.45937419094,16112.582414826837,9587.02369957432,17521.44288764009,11852.5456727291,15333.638433730617,12043.847141927425,9767.06020730522,9729.20436377058,18557.002712964706,16272.36086981063,12199.852256415685,19642.41540288951,16296.780133548235,19610.852962844667
11681.998007819333,16248.478292553029,11228.040442715152,13679.241434089947,9351.597042190722,9593.107879205958,9559.522172071036,0,11901.096939785373,9567.336102590609,9728.007238458651,10584.778262330576,12227.50558678492,15534.777108401582,10739.867776547042,6421.445216852403,10863.488122480423,12436.911349669728,11231.266079926678,5988.472386868002,12436.00208061914,4929.936247208792,11672.069406694947,9431.604461256775,11260.078419015783,10913.265733472046,16521.48744601786,19054.81778210416,11871.489213696783,6084.204458400483,6257.601915932566,8822.84809735596,7151.374195328985,14650.016326038505,12135.9601357368,16017.83538797101,13485.457297002406,7307.543338271605,17821.62434558697,13890.362780999847,5620.163295243485,9313.721447426818,10204.754089143524,13983.887673086592,17339.423737721554,14541.76817749308,10461.2132241395,11838.359228533709,9498.70085214845,9970.61075421372,17076.652592513015,10029.56163342157,13058.994138995491,17938.31785000472,32066.489712937848,17514.1661737278,15486.01062320725,13300.87483128458,15782.807494165452,13642.424272574302,10565.096796229742,8164.416289769316,11112.276518140317,13626.182837193637,8105.8722152982145,8592.196680513704,13529.19421235319,17837.40428885922,18621.868928461987
20545.04849248278,16942.290135966214,19845.711312593532,23048.965985687468,2541.338867573374,14665.930753407752,13863.311292160717,11901.096939785373,0,10506.178164251753,5562.42772176209,7082.633152779648,9012.674329285524,19330.864633662048,2512.6017849266723,8304.302111456069,3974.287158161237,12972.025306964231,19124.861663432363,9150.213121264156,13050.973219815294,9715.59342642632,13852.11229464013,8111.260060824232,9291.987782890827,1971.6084400880172,14538.345273649062,20055.728063460647,10589.206392267612,8650.899229405095,8729.405990895515,8907.642174332177,6413.761200781051,12814.326761844544,20710.945710582382,23044.234825333242,15763.772143941569,10048.021824811525,20104.29743367643,9565.581355146804,10557.249596777812,12389.091447570308,8895.615754629673,18952.48242461798,22665.738613816506,15535.956593014524,7226.285196839031,12150.325497323236,7475.892717189497,4925.658939834045,22165.703964247477,12274.041964030086,9220.926902043997,12641.271510970155,26739.066751172795,12127.574968590283,6892.628656068256,7663.56932496096,18053.826827371122,2072.628290938878,4543.460661642644,8669.653427476258,17378.99527980296,13068.01712711201,11644.808259844414,5783.599028804294,14431.590882916324,24928.83860922922,15493.936514792405
17989.323708153606,13091.448795080547,18264.698781749765,21906.670573305564,9822.112230451863,15948.273500902696,15736.945970759436,9567.336102590609,10506.178164251753,0,8021.767777482551,9162.290342905024,12995.715485378807,15228.20396429291,11004.878351441681,8314.32090764567,8364.226582059633,13868.223755168234,12777.013299693412,9653.454217814247,15877.03443743542,7565.696824363987,15216.855809805093,5018.695035323336,8932.927454381908,9853.221173938915,16961.514472288993,21459.532483536976,13281.328008017254,9195.962208343706,11169.38167835144,11723.455401963363,8843.431477494847,9450.506269609657,18739.438280475068,20134.263566545764,15030.680896033731,11897.061026009596,17574.867453199473,11521.38781649494,8889.798705494008,16160.377412323438,10229.845589999506,17127.489014325634,20917.656141742245,17802.959858975966,10719.74126230137,11730.729878966476,8574.05696093983,7839.395813813704,17977.353818823332,12860.340761259375,7416.920212137676,17755.98093146758,33311.07838137755,19936.577888556385,16727.58671180516,12929.616597328079,19585.694749193415,12306.9854700987,7724.328373736813,9589.101237152094,15664.23058390864,9817.316650262315,10071.13248589385,10416.11792554595,15572.412181938102,23324.898384628737,21141.003561981735
17715.373177529782,16476.46508024313,17447.807293359903,21009.586070559722,4520.87639770714,13494.497678501504,11365.021481129534,9728.007238458651,5562.42772176209,8021.767777482551,0,4077.367865189934,10077.673723908598,16608.34653138127,5865.570741731507,5630.934741444387,5775.615966949639,9127.022795729994,17164.671599026686,6422.640462077797,19149.33084378877,6025.375169778346,13679.080189946671,6899.338464142738,5055.728130734641,4959.2770007039435,18798.342591443008,22815.865752118538,8246.016262029872,5735.723943442832,6379.961202791128,8223.825914650168,2917.141780296402,13288.7981949082,19815.938329375527,19273.467747012102,17630.083624877323,7481.037468627156,18683.591331311673,9523.166832555924,9171.745630277679,11107.701363063692,5318.943333283284,16589.5206997823,19203.3402587498,15105.900957918233,8081.054926223933,6641.884826008673,4146.788862490838,2251.0235887916574,19801.321029756564,9862.245516595453,8203.971782754563,18715.483573933114,30079.37044772319,17970.721996487464,11078.222871551441,11603.600010431597,16451.23845758595,6546.744888668177,2043.2925465122412,4936.2009162779505,16521.151701645133,12513.562274574424,11411.291058747895,6743.048449681869,16848.214268847903,21595.0449170867,19775.804231400398
19080.4963589499,18121.149416671582,19256.205512893106,22812.15786996104,6760.110195700086,14068.801777180306,11253.779109528921,10584.778262330576,7082.633152779648,9162.290342905024,4077.367865189934,0,6440.768781904851,17725.953013658298,6893.94697320874,6569.711705088345,6083.8024611924475,9809.769207509578,18261.17057733511,7933.443811246304,18999.518889691542,7923.259242995636,14230.873647273302,6947.950306312063,7972.655254464364,7152.366547590974,20276.300923461236,24579.99730201947,10873.129881760555,7818.807937690655,7245.890245308933,9870.67909068183,4479.31797853858,14613.85295336778,21111.61652915502,20541.122219253288,17678.269411301848,9111.466225185852,19810.10379456303,10406.21204303196,10875.224239213028,11828.360514804888,7140.7487020482,18669.499790771788,20507.504383163632,13511.083646960198,8553.389819739688,8948.693653153203,6615.190278413985,4337.863315809394,20346.407520104993,10027.724803417299,12218.329641348979,20985.074725073675,31639.570482267347,19860.760326421,13927.090785578403,11798.840731681812,17041.600631970203,8357.118665676391,5179.2280985719935,7237.46212921758,13692.240434240934,15588.632146570517,12332.506758169542,8132.631125884242,17787.010448238096,19532.43934793786,21369.474640671742
21368.314358284115,22508.08550182529,20539.071820171885,25848.701094741577,9018.615865300453,17196.429839083317,18666.166445022216,12227.50558678492,9012.674329285524,12995.715485378807,10077.673723908598,6440.768781904851,0,22525.952319803324,8836.63990014239,10640.303546355668,11595.221583147937,12373.605917953244,21847.10303107188,12416.679592383254,20644.25686025747,13710.208431585064,19115.470941330226,10637.141535716926,10732.635772736445,8882.411427794206,21795.55024822216,25301.99668755307,13200.656307927986,9548.85490585317,9835.388653653143,9525.378349205263,6696.058125017665,17606.507984844495,22418.9059165077,23308.448702968195,20335.88170854954,11928.333642012198,25731.494110515785,12636.218336298152,10790.225939324293,14165.112861227386,9463.712550537877,21899.527631165027,22680.365890272064,16614.2121324712,9969.982118614602,15390.092671009423,9884.175251868413,5951.2736625909065,26253.737045397145,14216.814982300251,17273.20396977637,21671.06451144674,30477.965676635016,21392.213467719354,14926.006923628545,15277.53102364432,21053.639541180568,10204.092228755735,9215.196898475795,8413.123533942884,17449.107733448087,17539.825808491525,15981.64601838207,10572.496156804602,19093.53887275555,18295.40435936946,23850.162519475496
7359.806692704042,11326.76323928419,8289.511613761491,13401.263721773128,18432.42036728073,17924.027727108918,18404.062746566313,15534.777108401582,19330.864633662048,15228.20396429291,16608.34653138127,17725.953013658298,22525.952319803324,0,19340.295043961625,18538.099259613344,17564.136508209853,18319.422038134922,15229.03361557355,13009.10554847895,16817.048614658983,11626.728719440722,12439.194615909555,17612.59183247946,12364.912251779866,18163.805558541906,10878.790378311833,15425.124078394643,15857.077681641213,18642.91678549615,18866.87394400538,22743.426787822973,17447.553627257872,20214.867019621208,10268.790995014166,8646.885023740633,11446.121892572155,20474.955393373588,6857.989070114675,14031.451548032617,19191.710642746028,21919.30959393479,14460.738158762615,7167.4096534633545,10382.134258590948,16226.527194497865,19846.357574359758,15270.067405273581,16660.29809683902,16086.346838672087,15631.525254894656,18608.311153898103,18364.996357097352,14509.093642141679,26973.54894442748,15058.93233105306,18004.736990470483,15036.431867480802,15699.947057811245,20847.45299879319,16531.23934307782,18109.441842923705,14921.295607279895,9064.025297128606,14449.712359634392,20724.23528856015,13680.955811951864,21114.043787289225,12018.681205402263
19391.634187566342,17785.355734765242,18848.0413089674,21492.77876326413,3119.525581776894,13407.04653166517,12417.866625203398,10739.867776547042,2512.6017849266723,11004.878351441681,5865.570741731507,6893.94697320874,8836.63990014239,19340.295043961625,0,7624.424110689238,4261.885551203857,12159.605955300936,18266.70294632103,8291.189188068147,17121.57723339409,9541.500448646255,12929.132763695701,7895.169690606569,7719.340564910031,3064.9395832384967,14585.710836369932,18989.791291578982,8975.649180425195,8185.157720115242,6780.414294401431,7879.341469341775,5999.062056168235,13472.541225413577,19229.793344648664,22212.20754523554,15402.704556630126,8876.474341396783,20157.45299535449,11619.208828528223,9764.082777955584,10240.153467566124,8565.603017361862,18163.11802053974,21840.97138476475,13108.684961708213,5577.367066348981,13245.170836127394,6669.43000499366,5006.211397337827,21443.63031265078,10518.733936556362,10191.462363823091,15448.463197612828,26866.112726345906,13709.841033894785,8461.59005356116,8678.252585651197,16985.983707348892,4028.136448439848,5165.045194421712,8422.015167931018,16609.877187765094,13178.060928902274,11429.27347932835,4905.01490071666,12772.02821103593,22214.932593911446,16599.484599121373
15201.693882558651,18564.15594954582,14269.379093324771,17631.03612687134,7205.1043012362115,10015.124103084374,8710.570611304294,6421.445216852403,8304.302111456069,8314.32090764567,5630.934741444387,6569.711705088345,10640.303546355668,18538.099259613344,7624.424110689238,0,6449.921063687522,9210.030798687152,13621.17417963724,6889.978949539549,14002.778496931396,7589.481576024674,12644.093899298023,6288.560551202465,9141.766382682426,7954.087457955917,19139.375872666067,22705.81683265654,11054.837377786504,4216.939442527072,3979.6848286050185,6910.657315412506,2767.3100435042124,14588.34757784972,16957.493243395038,18931.173466651064,17555.482301391687,5559.484329608894,20876.757869075587,10791.985815693584,5924.384324479096,8381.409740431747,7679.603958660068,17109.405189328107,19883.751634947806,14195.26804408568,8462.997643502518,9484.231690854796,7173.237528788691,6055.346548886554,19383.158309536753,8012.8431888445675,12416.427012077973,18416.595009156208,32945.00168114878,19070.789790307063,13976.893497453895,12699.293543261902,16660.653519996187,9728.40609888624,6465.088667421692,4785.919284405651,12260.801159056651,14748.526283947453,10071.171766466485,5870.218647866367,16618.302891226944,18310.122060657643,21333.78550180139
18397.913158854266,14591.995273347604,18480.181583129262,21646.009653512516,4006.8021852936513,14821.500810290583,13623.691562940414,10863.488122480423,3974.287158161237,8364.226582059633,5775.615966949639,6083.8024611924475,11595.221583147937,17564.136508209853,4261.885551203857,6449.921063687522,0,13390.538729221737,15950.500826619029,8091.654373159928,15800.94825667255,8197.651414135224,13709.91794308837,5455.815386156797,9609.451354065763,4701.118955591582,15726.247638551527,21055.368394748595,9238.078712945156,10081.276901799281,9138.611384654392,9183.161438277022,5821.963941492216,11992.326656245416,19069.41353667828,21221.712397119823,15325.712161727753,10152.07590637571,18246.97128600251,10146.031190559655,9277.477373128764,11680.706570552276,7696.371766233741,16356.095133889108,20685.393380591417,15504.218711680423,7773.345802516514,12373.905186657334,4050.3410479396453,4191.088143342408,20025.04227502469,11165.34276984489,7411.9017641244345,14268.893266191075,28734.086185681146,16393.339715973885,11406.594279893632,11758.450353191542,16890.883179026678,5294.036285351583,3839.577098082092,8363.588638748563,18177.205059350894,11232.180365710055,10761.028154407291,5806.573007289211,13521.051352686629,23465.152266680147,17293.623911568466
18458.58239380319,21915.088127261042,18320.721474010963,20252.358522139835,10994.734507680485,7393.652224079301,6563.388449264175,12436.911349669728,12972.025306964231,13868.223755168234,9127.022795729994,9809.769207509578,12373.605917953244,18319.422038134922,12159.605955300936,9210.030798687152,13390.538729221737,0,21654.43622075769,9686.78442441456,21781.11577279327,10624.126290441065,16747.979415011923,13733.089829158127,9259.314421041732,11846.0633716967,24520.64405673878,28895.578440550475,9041.864299964755,8795.718079066577,7656.329068216138,13289.099740924785,8435.65163744974,22663.190513951125,22952.262592836552,18020.56331142028,18210.991474668084,8908.165521733592,22922.929471777235,10976.524012107433,13627.916313943477,6700.263614832403,6247.7817764876145,20359.24216567552,20244.666896738927,12808.340943088699,13587.488156181686,9622.502400678812,11697.73969804593,8699.64890173095,24686.657732085772,6735.51572320798,17419.51883047173,16850.325028301762,32101.00133061966,18096.333648907806,11384.819661535219,17291.94137423973,18157.40023903542,14625.405745986582,10082.295126898789,7669.062799277058,12348.70471873984,15868.034617369793,17441.611058363716,13432.81665161262,21521.73544006186,14519.354204323505,22316.60896627942
12886.288795196358,7378.190747908424,13210.412456986163,17967.227688559786,17545.440131615345,19242.215963682913,19183.249309115454,11231.266079926678,19124.861663432363,12777.013299693412,17164.671599026686,18261.17057733511,21847.10303107188,15229.03361557355,18266.70294632103,13621.17417963724,15950.500826619029,21654.43622075769,0,14140.76858056784,9692.018614461487,13146.855316441803,12526.47957256806,13290.225450152728,17341.992150126454,18168.689330109308,13539.742595969092,14830.873575085592,19216.94206010415,15280.646987636332,15276.143566831432,17740.32560735201,14823.459384293845,13942.48769761376,9911.215764028782,18249.986666070607,16792.677357550263,17270.64118212648,15758.024417931963,20687.182966451688,13514.093639307852,19020.526626868777,18755.535264167633,12818.054331043053,19110.084307189212,19935.805933158277,17460.77758517051,19211.08324278361,15671.579117014115,17467.090938748654,8287.966285887687,18630.711317247988,14904.241575297532,20524.489714631254,37442.95805969181,22979.33848168341,22962.67126473942,16648.772346333546,20313.383982686566,20867.96690531859,17978.326122298204,16727.985317384082,18626.343007468306,15946.491399629944,7845.693519646431,16291.546844860904,15364.044799265279,24527.006343143057,21152.435644161957
11963.038728706615,15059.375463342583,11716.659484452435,14876.503760292451,7407.114650049125,9306.246985620352,8876.800292709435,5988.472386868002,9150.213121264156,9653.454217814247,6422.640462077797,7933.443811246304,12416.679592383254,13009.10554847895,8291.189188068147,6889.978949539549,8091.654373159928,9686.78442441456,14140.76858056784,0,13926.294945297639,4657.121634827092,9333.877743628322,8079.968347599122,7894.312137423157,8214.312667662034,15472.710122957074,19444.942829364074,7019.318810729899,8041.121792050977,6952.383056867147,10923.018991283638,5870.235242080968,14704.016128270947,14732.349866432196,14138.598060452543,11910.837624525806,9431.275000242493,14842.897777617418,10891.327767061503,9440.09727525918,9501.476124795288,6045.367758120772,11366.824047889591,13929.858731470127,10307.41491003291,9403.77819106126,9475.972935019185,6868.409365540763,6278.880255660066,16345.548653647713,7163.300845429246,12524.556693850902,15273.07512888682,26703.372617313275,13454.614138771612,9987.89384851105,11785.585666722973,11684.982415054918,10845.42462990515,6975.891601180187,8425.935366824717,12392.743124230092,11582.321041884945,9131.437972064608,8979.520694820223,13292.773498980909,18179.63780793363,14940.094264057794
15115.244570257782,14967.501250222746,14300.145124497789,17329.791143163122,15582.49658490141,17748.428536833777,19002.51075601001,12436.00208061914,13050.973219815294,15877.03443743542,19149.33084378877,18999.518889691542,20644.25686025747,16817.048614658983,17121.57723339409,14002.778496931396,15800.94825667255,21781.11577279327,9692.018614461487,13926.294945297639,0,14240.122221994936,12251.61343299976,14055.742468525164,17446.17123812049,15402.825406774737,13064.375279379556,13158.517835401153,17788.98716844216,14342.526109556817,14644.439439516862,14529.125863761356,16472.17920616871,17393.196377488384,10819.436043740363,19964.8472421769,16881.085398540654,17261.64152000746,15773.6807412303,21023.956310284433,13148.812529445699,17579.866467851174,15202.143080461568,13715.315007703746,19897.09615098466,19393.026172926526,14276.587850180327,17873.5090641018,15623.781644295399,14922.882382834037,13940.521378902265,18187.9444993146,17205.198842144247,20455.800760811155,33055.43798445981,18778.497154401135,18967.548643432412,15377.738816571822,17795.544824245444,17979.041994097704,18582.85241612679,19151.395000697205,17508.963090851095,16766.89278001514,11204.80496415877,12431.02779103038,14382.55583658104,23992.035037865102,19214.98630385459
13091.08311056599,13152.501787994004,13229.58072832604,17291.20189877065,8408.954281296765,12146.496026904984,11606.409530973058,4929.936247208792,9715.59342642632,7565.696824363987,6025.375169778346,7923.259242995636,13710.208431585064,11626.728719440722,9541.500448646255,7589.481576024674,8197.651414135224,10624.126290441065,13146.855316441803,4657.121634827092,14240.122221994936,0,11539.528224437781,7609.1228915079055,7430.30526298047,9645.203386192317,15509.094463142143,19794.527604783198,9534.530319262904,8180.324746390194,8751.442432816051,10612.22234342666,6869.360798860559,14373.885201755285,15242.988747225983,14973.52387417799,14277.34718333607,10493.875251381289,15010.677254584894,11346.632509801711,8817.14922464339,12683.170184505387,6315.210789922887,12794.2217622186,15607.499747709488,12208.544548347983,10693.69332498232,11433.09185611191,8310.363261199778,5976.106743383292,16464.45335206664,11136.937991614437,10043.733039483805,14857.918622647809,29206.09839745608,16243.326899740561,13878.826630974947,11445.042321629391,15245.278158156272,11659.83035321419,6651.011832985125,8064.499978352088,13681.347499915233,8702.966814626188,8532.98721317288,9495.892375712327,13732.95206304081,17978.459608928915,16874.755426988842
12372.812489309339,16346.262230654676,10943.219401742417,14522.1967378128,11124.959571763888,13892.381140229572,15965.185614473532,11672.069406694947,13852.11229464013,15216.855809805093,13679.080189946671,14230.873647273302,19115.470941330226,12439.194615909555,12929.132763695701,12644.093899298023,13709.91794308837,16747.979415011923,12526.47957256806,9333.877743628322,12251.61343299976,11539.528224437781,0,13160.84073968235,13703.600932591127,14664.496742316047,12347.775240199458,14584.502898053808,12030.459840987662,14493.677345402213,12316.635509074542,14744.020314019745,13214.42078957042,14831.627903384737,12303.000933287629,15254.362500752473,13490.39182223116,14571.230600576799,15545.59668005967,16822.997951267982,13955.324445658593,11740.700120283447,12752.369401752077,10544.131238914128,14890.651685322991,14988.65795616788,12730.1575507704,17393.903187704625,12122.20419972825,13890.735911578256,14461.040647665555,11654.964516527323,14064.576505547422,14852.667418176125,25891.089271145458,13730.47271218461,11694.151384786128,13152.656449734057,11455.948260367115,16677.850113252127,13839.877018313897,15856.259473906106,15908.827620715378,14091.518959118299,8628.930349745277,12455.567845102829,12796.411045297664,21516.997548704338,13665.29796762706
17891.525020572593,14173.294395085368,17821.98313627162,21654.75265660317,6707.25477388085,15881.004122550983,14527.59333944146,9431.604461256775,8111.260060824232,5018.695035323336,6899.338464142738,6947.950306312063,10637.141535716926,17612.59183247946,7895.169690606569,6288.560551202465,5455.815386156797,13733.089829158127,13290.225450152728,8079.968347599122,14055.742468525164,7609.1228915079055,13160.84073968235,0,9662.220614068383,7923.705525403276,16386.108451433574,20451.805331006657,11768.551561834542,8985.40862351274,9710.893406385545,10890.393944319207,6844.942347867225,9114.195050189248,17548.71253027874,21074.575932897693,14581.732680344905,10961.07810853687,18781.646213972308,12729.245715715624,7873.649714784887,13682.876346068388,10055.43247154659,15762.421083062118,20959.44339875553,16466.65421415611,10594.618671747256,14090.574139019207,3965.6167004349963,6750.588324421917,16446.36390140032,12592.959970481725,4696.9448916869305,19747.275998707155,32794.49635691081,19252.572411458063,14978.401256426907,11861.021296768138,17051.724185780877,9725.252689426385,6871.7041653694105,9382.54650748606,17642.366226637183,10961.38993018434,7283.764383272463,8102.985776995282,13493.543231589458,22379.969692858762,20195.535770254373
17217.45428950844,14353.757846503719,16571.750478847698,21469.4877861081,7339.083971325263,13532.051060924296,12394.95768901218,11260.078419015783,9291.987782890827,8932.927454381908,5055.728130734641,7972.655254464364,10732.635772736445,12364.912251779866,7719.340564910031,9141.766382682426,9609.451354065763,9259.314421041732,17341.992150126454,7894.312137423157,17446.17123812049,7430.30526298047,13703.600932591127,9662.220614068383,0,8149.198134985456,18593.78039624367,22364.484841217054,9744.768444106912,9196.124938128602,7863.0940949602145,12604.373199196945,8258.757595050238,15787.241512147693,19404.528243440905,18631.056674624295,14314.202184486243,9916.31330315016,17660.599552741245,5725.773565275042,12813.334275236537,12157.800865043067,4368.6555701862235,16557.946653551673,19281.01430688925,14504.63741286445,11090.291889894419,7153.219885808478,7141.2227665985165,3865.8792669761297,20676.788673473966,9916.19345350995,13836.145549518082,13101.100125167104,28786.911627815454,16862.729907088466,12944.778662883382,12450.364908426815,18215.107175217243,9592.568145782705,4223.010121467676,7162.98093365742,15197.230570400243,10422.978568447606,13968.019715145032,12326.233437361301,17454.402723096788,20219.498335241205,18162.686530416908
19600.221611504625,16876.043583511324,18550.06546750545,21736.578991839662,1949.1915802067624,14449.75923155994,13051.230928404397,10913.265733472046,1971.6084400880172,9853.221173938915,4959.2770007039435,7152.366547590974,8882.411427794206,18163.805558541906,3064.9395832384967,7954.087457955917,4701.118955591582,11846.0633716967,18168.689330109308,8214.312667662034,15402.825406774737,9645.203386192317,14664.496742316047,7923.705525403276,8149.198134985456,0,15471.734531323891,21381.27918367949,11004.327185351269,7546.559956750199,8055.621210051164,8564.630640848367,5221.712179265371,12195.80554878967,20692.93862691539,21529.83200831173,13997.04666388779,9168.844028202333,19976.234683366874,11476.342841741936,10154.823778239392,12317.825408234094,8366.64472184796,18534.21073770151,21696.93894691458,14825.128957815508,6884.790858546732,9607.213033622897,6198.058931961149,4600.812700848474,21221.002187144524,12007.664751496699,11605.99018865261,13752.835771969363,28379.618387037335,13952.501100965137,9546.230657030132,9315.447916193878,17924.303286148363,6348.730252279177,4559.551009350635,6986.73310690132,15281.090983464803,12750.617769232704,11920.005656616288,6179.30018113379,14926.961598817226,21622.403653787584,16232.627538293667
14543.291912334029,12816.159306359596,13942.213510590025,19842.42772275266,15934.838646759734,22576.14909384388,23449.187309568395,16521.48744601786,14538.345273649062,16961.514472288993,18798.342591443008,20276.300923461236,21795.55024822216,10878.790378311833,14585.710836369932,19139.375872666067,15726.247638551527,24520.64405673878,13539.742595969092,15472.710122957074,13064.375279379556,15509.094463142143,12347.775240199458,16386.108451433574,18593.78039624367,15471.734531323891,0,7465.53297203881,18182.90306487742,21401.64847841745,20674.016666093194,21724.466413690894,19438.16817964033,14709.200804966558,10206.219603102621,17423.937636091436,13099.38550145143,22281.04747085717,12550.632154704617,20480.06035553925,19208.35816615472,23231.653120174124,19967.75293081005,11316.250145479673,19340.33604204414,21693.265542606965,17637.01750280955,22262.470727164346,16117.141325185788,18566.598200844277,14936.637007620055,21631.51280586351,16189.415584676177,17524.228111684868,26399.262584248954,13907.651540391173,15035.588846267707,10091.148165675697,15659.159301037382,15516.985961229424,17841.86755259331,21556.92160642397,22564.66057143628,13462.487522077894,11978.856637578283,17022.049551515483,9399.626082159055,26287.206769940225,11846.883957832932
15329.457691990123,16091.758976557207,16096.247973683014,20423.919122269235,20757.87060720839,25696.118619916997,25965.162977132248,19054.81778210416,20055.728063460647,21459.532483536976,22815.865752118538,24579.99730201947,25301.99668755307,15425.124078394643,18989.791291578982,22705.81683265654,21055.368394748595,28895.578440550475,14830.873575085592,19444.942829364074,13158.517835401153,19794.527604783198,14584.502898053808,20451.805331006657,22364.484841217054,21381.27918367949,7465.53297203881,0,22669.17938995446,24281.178948352284,23649.415273037655,23330.727313034484,23109.46702037056,15146.31198174927,9578.701364724824,19811.20694328776,17531.46957077245,24353.284667727217,13662.864119433141,25253.691755570708,21122.060484601545,25188.831531676864,24591.59551543117,13662.50369091582,19954.39928065445,24263.491757249474,19564.197268664746,26074.84814885452,20498.96761819552,23011.351050902278,16408.59474283119,24930.203655592883,20210.335201663227,21002.17029086949,32458.293065706963,18948.611461666984,20829.557885982274,15594.312718934003,19327.6610683932,19566.077594091814,22738.585702572585,24586.97438092601,25201.47649197747,18730.861707468157,14595.707635210001,18926.84487449089,11469.658305785244,27907.885249946725,16603.801981716773
14829.14812157465,18535.08784621238,14370.595431703136,18307.190249297462,9414.499312506072,7394.329140143095,8141.649077287239,11871.489213696783,10589.206392267612,13281.328008017254,8246.016262029872,10873.129881760555,13200.656307927986,15857.077681641213,8975.649180425195,11054.837377786504,9238.078712945156,9041.864299964755,19216.94206010415,7019.318810729899,17788.98716844216,9534.530319262904,12030.459840987662,11768.551561834542,9744.768444106912,11004.327185351269,18182.90306487742,22669.17938995446,0,11999.914952557972,8222.92568556288,13179.970278210103,8919.967370560315,19206.12496346076,18997.665914330017,15839.109807312929,15056.951079854896,11086.923952441246,16294.001544904102,13047.699809777734,13207.637381247532,9518.086869454595,6401.417423953201,15005.019244255072,16461.353005428635,11012.821574207912,11230.807735104132,13977.576495595655,7837.789542227018,7117.439995554719,20391.926449809584,7608.903418305016,14084.890416158862,15997.42900635723,23173.33333735406,13434.085892537261,9555.111139569959,13835.094099219354,11431.450335899977,11697.049189371537,8797.079837083373,9718.206773116492,14074.327757819823,14757.624663168797,14337.040889242344,12953.573913872424,16586.286895671903,18593.85429926432,14635.39418005648
15781.489243926104,19439.790573790804,15399.905794811802,18074.1233803276,8059.040567333407,9084.865383669317,8735.793395257604,6084.204458400483,8650.899229405095,9195.962208343706,5735.723943442832,7818.807937690655,9548.85490585317,18642.91678549615,8185.157720115242,4216.939442527072,10081.276901799281,8795.718079066577,15280.646987636332,8041.121792050977,14342.526109556817,8180.324746390194,14493.677345402213,8985.40862351274,9196.124938128602,7546.559956750199,21401.64847841745,24281.178948352284,11999.914952557972,0,4298.8642077899285,5809.213906316807,3531.4828498279085,16692.555368946694,17551.21045833592,18892.38184464292,16975.03619236067,4164.74108662363,22077.50226335982,11744.61385852906,5798.245538983311,8644.255296131634,8159.504868295026,18355.02794756608,20825.044848481313,14300.651194677672,8292.123981820043,8112.7570300655625,5952.751875271165,6247.940243060808,20943.004165437254,8530.20629435754,12191.214995004477,17893.564234368787,33617.13429942413,20089.863303544724,14437.874262719748,16148.837186126504,17866.034252119887,10444.659049940625,6720.138419832361,3014.7578774092785,10405.17808062203,15405.716984057592,12090.431060182787,6418.804442452887,18547.157306059227,15113.261186823342,22498.512806199593
15521.527895517505,20094.153526025602,14447.377882568935,15922.600648866226,7385.9029430275305,7517.875361557094,6312.137179790368,6257.601915932566,8729.405990895515,11169.38167835144,6379.961202791128,7245.890245308933,9835.388653653143,18866.87394400538,6780.414294401431,3979.6848286050185,9138.611384654392,7656.329068216138,15276.143566831432,6952.383056867147,14644.439439516862,8751.442432816051,12316.635509074542,9710.893406385545,7863.0940949602145,8055.621210051164,20674.016666093194,23649.415273037655,8222.92568556288,4298.8642077899285,0,6070.871168779304,3918.6186927882104,16906.769116389776,16757.527015221684,19052.203998569137,16143.793550584905,3091.0032689926957,21514.275000556874,12564.77910918705,6614.259758758087,5211.912536977718,6576.060216942228,17706.22798765969,19897.37513454959,12859.304655241398,8107.122137363254,6339.866953420959,7095.766575066452,6116.538844779741,20719.140059346002,5543.478596141296,11888.653741960834,17393.94164286657,30780.697049266128,17300.94437478591,12686.709111547847,13986.484962835151,16008.21491624042,10104.60143981259,7080.314403768907,5432.14865612392,8329.483463571325,15797.358869521015,12421.814158052794,6464.382891660313,17430.250740936637,17030.624240687383,20395.044286593664
