0,4444.142463458304,992.5256208807966,3243.5225636818786,22137.707881682494,10259.367757234575,11012.966561089399,14412.840825057836,23957.44134430385,14206.397833144329,21392.91244717114,18831.740670554103,21490.480969948632,2149.948574015601,22181.534408559903,18736.68033271882,19887.78193311274,13983.266782119097,1880.0818689045389,15003.999838962065,11614.867176347767,15070.810212673088,8697.06590142975,15667.757534790135,17993.253901214655,23287.79715932978,10260.414523323356,8948.712774207916,13462.398741067753,20658.854633888714,18569.381735177907,21274.751434022397,21047.142102589914,13543.948429870554,1242.7980852468313,2928.243537632289,10038.00002849196,19289.08873545416,5927.783874360215,16724.575475407335,17397.25487225439,13261.208970461703,16683.70492359853,3914.5336960917634,5307.322994767999,8558.281510103048,18416.496514565206,18515.052462458814,20120.89401606778,20930.46864942432,5928.9621768731195,12378.774135004545,15867.092787438542,14476.810574123301,7043.285668839484,12992.52993976076,15712.952421787568,16254.98125662936,5556.128996912056,24383.251950623435,21670.37611705495,21363.074981253092,11924.737347024666,11722.76108057095,10429.09387968308,19806.898478629413,10295.9129538082,11556.920709139193,10524.040997150303
4444.142463458304,0,3970.86184194085,7000.756264679948,19170.535566107057,9724.837601606385,9793.216849197737,13078.45418275456,20210.911638075246,12347.856239419822,19017.893080987047,16333.377511839495,20175.077677387955,3619.5640918491135,18769.315607528068,16848.689797754105,17063.333231541692,13396.867279085072,3148.85064942272,12689.892670933223,10008.940909648793,12991.652316227437,5053.057797017371,12658.870163050593,16139.177972113977,20177.478144847235,6679.350501987034,7194.326142160764,12042.583838050088,19235.839081751154,16603.630195447506,20381.453691334045,19341.65360081286,10894.233086065784,4302.865581024106,6881.10871696966,8487.86132889206,18074.729211164165,5030.702069113028,16356.802964415305,16471.108141620276,12211.171177448707,14574.625963719278,2985.158680178417,7172.467294678506,6941.555623310087,16321.613586896352,16987.172866972192,17216.099607701864,18186.188998467664,7070.034016382019,10124.164492203316,12824.223426505509,13559.623585805544,12396.025598617076,8608.884878665296,12288.229349775516,14496.790143772685,4224.101020914294,20883.992641382487,18933.82553479519,19932.473947156235,11161.159250170325,8173.793269722434,7403.648842081607,17260.126840395744,6768.008731011491,14961.870007020578,7477.907806487892
992.5256208807966,3970.86184194085,0,3997.9166965264535,22241.51841463317,9624.649471628392,10278.550692602506,13692.973729895733,23177.447704288825,13411.242994453067,20600.07753850732,17878.029232719786,20668.923465358657,1577.9886025274,21458.760113546552,17865.28136135809,19950.78547126845,13310.41519085987,1156.9796690027479,14228.184526923034,7980.362427204698,14307.456571940098,7253.81081311444,14882.64071859248,16382.563316984524,22019.68196677642,9842.244496467045,8548.67623360311,12422.307303944786,19942.910988791606,17795.816718917322,20546.176995992853,20275.445630933988,13743.659637625668,1241.11467442143,3798.930329723186,11019.95142319472,18550.932234014243,6034.973225645758,17896.266159828585,16660.463664155217,12551.409276551061,15937.431961491378,3986.8510026808585,5976.802126570114,8268.48367246899,17121.31710762862,17506.80223508974,18521.106073924348,20135.988881961268,6496.214193627298,11642.356441561,14854.989493771638,14715.668062417993,7926.078779112546,12596.537500151358,14661.241615379702,17556.773276940738,5306.328567417118,23614.347039214765,20921.139815569764,20620.254314003014,10628.348161486523,11904.889432579072,9859.960650736344,19461.73113626627,9524.334709895313,12515.556231517496,10439.009495245005
3243.5225636818786,7000.756264679948,3997.9166965264535,0,25265.819483410105,12917.58017243412,14150.204636258582,17528.152753395352,27038.470383895372,17359.089821696653,24587.176445947676,20534.399775178426,24627.812232998822,5257.312357975262,25274.1769022837,21830.82047840878,23180.604494258576,17020.035254084556,4884.694186168003,18233.4656300571,6198.372983547188,18298.361510736475,11475.78619587156,18854.82775396289,22474.52518412798,25792.2895520718,11973.004091382243,9925.362326620438,19260.754277928823,23718.534210704936,21679.431013811303,24320.221221497377,24238.49592830236,16811.595561623464,3575.525774206645,1521.1401539943552,13973.76176339018,22359.941126859714,5888.882904867248,18554.446448833536,20472.471279387428,16420.85525812158,19584.021918274724,5106.412307554648,3564.0188599681383,10700.397384433329,22013.431565638006,20725.97555624312,22715.981278023777,24155.835080003406,4270.858300776311,16887.41548129281,18207.51912955938,15606.825437517296,5866.361593031172,13516.625171909847,19317.596186047787,19055.237640237643,6420.111967635561,27444.529575054967,24775.886002192667,24206.40329289838,14535.586217164842,12778.029368530519,13732.102427308622,23289.291110144226,12795.904827504819,14534.142500848018,11487.569798762182
22137.707881682494,19170.535566107057,22241.51841463317,25265.819483410105,0,15497.425186322429,12900.217815830756,10603.396993610506,4646.460339931774,9763.583052842667,5366.591633344251,7112.9314722200315,10672.110617492543,21006.12475469803,3174.4124336932787,8832.44718334864,4728.933325812676,11933.619565153578,20808.272145657524,7782.155040021393,19205.104438236103,8230.086507358632,14746.474210121742,6999.297913703225,7854.670470049076,3570.689311989195,18990.236390501126,22080.46149688629,11423.55917056345,12090.7118269616,9357.657138281833,11180.324986383841,7465.80804872764,12833.474851310144,22743.269808485347,25359.712766640732,18486.435550806942,10302.26961066259,24158.461469937523,12807.904057488915,10840.749033308735,12404.547599012287,8325.451227598205,22163.991637328556,26561.7066507795,16833.03797658296,8512.179720956166,14542.446856817221,3928.7879261565677,5479.347875634714,26426.267493844123,11627.337839842667,12321.25183081029,20414.5941704739,28513.594253076022,20016.66636897892,10905.300877287566,13569.454564335992,20490.23796450038,5782.220527805063,4158.221902366175,11137.30345167816,19004.915211792657,16525.744940224045,13091.743012269037,5612.754246477014,15252.141640334645,25537.08511427277,22120.50827818063
10259.367757234575,9724.837601606385,9624.649471628392,12917.58017243412,15497.425186322429,0,5068.056620750361,5775.84282230227,16978.35600247818,5319.050799964333,14950.006010805482,12587.611271324655,15382.73586051007,8501.42560897764,15246.129990012438,8745.74167732331,14869.804595533875,3603.798459668077,8982.172001315279,7740.514141203989,10817.185319403732,7067.461486348161,8308.051492921113,10031.598881407204,10368.65259981893,16998.991023026425,14112.220738415359,14090.950017055093,8466.352741413737,11409.721732164422,9666.614474701659,12060.046391061534,12213.661138045833,12886.072261626745,10478.929748081398,13107.267005551448,12472.521801802131,13249.816802257681,14591.637702229931,11119.38290305268,9617.505365552055,4992.166165496656,8402.435893696278,12023.931462856312,15288.562427107781,10882.378631771431,10266.123911575472,11892.813818389812,13030.073064250106,12772.881397291045,15401.11771366656,4982.000899152569,14376.544846223494,19076.423818880525,15918.515334424534,15656.929358513251,15421.747430201163,14981.682211595804,10885.697359163782,18372.26947446919,12685.456320795869,12193.341620119558,10065.93690695357,8236.635970787698,8365.824160153727,13003.265776746535,10831.681883062702,12591.320853339566,16292.180690213805
11012.966561089399,9793.216849197737,10278.550692602506,14150.204636258582,12900.217815830756,5068.056620750361,0,3500.9427830275745,15962.836072806416,4527.553280058223,11118.872341898601,9659.50444161234,11050.550596175692,9038.545005565342,13588.466350844985,7796.885186123997,12089.806000828257,3379.5164373813327,9594.23120283332,5507.488772210196,10464.757634279973,4661.3412220212995,8606.439802776991,7104.0767181991105,8360.970412725319,14748.602551738299,13804.586268911276,14220.04178768533,8352.389582938882,9753.581010294227,7596.320887041997,10387.037068408323,10261.951711605796,12080.043718363953,11012.206414464825,13752.920015601429,13885.212568369407,8615.878487904363,14850.789922972426,9452.11744296179,6536.177563305009,2390.013295817523,6094.977658419182,12563.663449604766,16119.918680955405,6733.235693833045,10250.813115905648,11475.87507193506,11127.158358146875,10777.522982400518,16448.485285642564,4339.145038396798,11807.288366101322,16997.366512760917,16895.997447873982,15051.875820804602,13002.464783598096,14249.649101419085,11220.850071626235,16495.021886342274,11701.36334299544,10550.730210984599,9288.605775333304,6728.486585432729,6155.62334215067,10026.749672154661,10267.184082029085,15229.127154916572,16294.686528151611
14412.840825057836,13078.45418275456,13692.973729895733,17528.152753395352,10603.396993610506,5775.84282230227,3500.9427830275745,0,14615.793843995756,3786.747790869242,8468.356687134466,7248.371479303363,7554.384882960637,12472.40951393409,12027.668172546579,4778.857971281766,11212.645770078801,1469.1173287568101,13017.875558454147,4690.6233051947665,12647.361640619225,3179.19056392465,11016.879621065538,6576.793502268376,6248.035866680133,12733.018327765498,16410.199686096912,17105.158809865305,8552.925986072312,6337.9051904539365,4748.136219311867,6999.309113693767,7206.084310195934,13124.23094606366,14401.234293244604,17123.1723414105,14057.55840196426,5331.674556014659,18173.520426448908,8692.656024751415,3225.0076191320254,1458.920984182592,3628.8156186349233,15917.663514829579,19539.136452951534,14543.62120817199,8638.29268948168,12060.104260565664,10112.956911336203,8313.771704834084,19801.45039755871,4744.139339764352,12800.708342112699,20756.875355820586,21909.164322057306,17900.621166069395,15175.943754781447,15164.270690650825,14625.712762849604,15152.202679520118,9381.549272867562,7194.549041792404,11498.769935049624,9652.605965580953,7682.124767324716,7504.710229629609,12327.879060602963,16986.1227999661,19308.07786640285
23957.44134430385,20210.911638075246,23177.447704288825,27038.470383895372,4646.460339931774,16978.35600247818,15962.836072806416,14615.793843995756,0,12039.49636463575,8592.319350976655,9159.606322717396,13797.986901112497,22234.639933635044,2985.2613872855054,11543.396857696436,5508.765458703853,16023.515467214678,22184.27300273781,10500.732220102796,17323.55461225115,11626.842683108418,16422.972788970466,8995.839026845653,12822.788445882665,5262.925907724758,18774.1944386088,22256.8848360853,13875.643087452467,14704.972833387728,12182.523233532618,14856.939050029114,10763.6270052666,15110.878393379577,23743.039074066775,26737.454640942673,19955.460474870593,14473.077359993787,24458.3195941702,13575.479769939659,14369.55352119349,14697.37912478402,11447.557393668849,23038.38815140369,27542.509684702174,17887.939597884517,10751.123784063033,18172.016093688908,12049.734672353725,7511.020138459982,27250.391533008682,14358.969786351036,11045.816179937518,19833.426865255067,30627.293704028616,18093.321802401173,10403.393138120964,12826.592831567654,21840.098912426525,3741.950325483942,6857.555048399059,14323.243946035966,21742.14239448688,15822.32461791279,13185.2702301937,8309.529141790692,17742.78576807793,28330.72450809178,21809.41872070385
14206.397833144329,12347.856239419822,13411.242994453067,17359.089821696653,9763.583052842667,5319.050799964333,4527.553280058223,3786.747790869242,12039.49636463575,0,7541.68487526298,5098.964978307743,8890.678212729734,12179.827861403634,9753.657709007743,5321.887577275055,8863.742473805496,4642.733743815111,12549.147980683852,2774.6471022360624,11168.269897819115,2435.635806055033,9563.100948219024,4045.0333988290645,6648.080092278547,10772.677791844293,14535.496014975803,15648.439876590446,7141.295355854875,8126.357946442068,5233.840156107073,8327.059739484532,7347.979205541964,9334.17399458982,14086.071628973581,17006.792962476513,13265.515456119563,6960.216939026154,16850.362130569636,9461.48914064201,5265.8886719587135,3590.201946494754,3771.7244823161664,14832.165065056157,18904.36684635809,11118.385631595977,6865.665965875046,9641.428558129737,8626.366813806137,7222.5465357192525,19054.801237594223,4181.262987120078,9417.985942733778,17767.615261506577,21606.22663748502,15936.58175131158,11898.13754208666,13022.135666371345,13666.99538675072,12628.451267041664,7933.65926996985,8671.443439973247,9775.208849741735,8292.215386936505,7475.232393505141,6418.2201602382665,10835.953867126702,16662.549948095868,17387.283175216227
21392.91244717114,19017.893080987047,20600.07753850732,24587.176445947676,5366.591633344251,14950.006010805482,11118.872341898601,8468.356687134466,8592.319350976655,7541.68487526298,0,4764.946706972065,7259.360623544753,19411.42160510706,6078.5703015507415,4333.9284486115685,8070.281883953208,9716.207526774537,19768.290458178646,6849.615397449477,19976.59936226255,6698.86372274681,15224.346929578862,6829.647005205627,4879.703994225367,7288.558270944597,19769.029925691568,21514.10149296934,12299.552915983002,6876.713213870199,5088.7291487521225,6990.894717110352,2747.161630952587,13828.418977437994,21256.532976592734,24176.534212208317,20770.92762918492,6669.294679740171,23753.71026460499,12788.745027511173,7036.670388492373,9218.185667813772,5301.361074572894,21785.925096263094,26016.001820085883,18485.46646713528,6493.665526919306,8964.60949826643,5948.90065935509,2497.5673931632477,26010.66672642442,10462.00107411949,8191.864595393394,26464.536653748215,27302.489158220324,20958.17926554535,12120.446554043878,14410.08124687208,20283.46240356156,8629.342261395088,2028.3725020505076,6367.395655230479,19226.39986228154,13860.005143926974,12118.541311388779,2834.5050515880675,16014.710637292827,23121.188389267823,23076.71530491488
18831.740670554103,16333.377511839495,17878.029232719786,20534.399775178426,7112.9314722200315,12587.611271324655,9659.50444161234,7248.371479303363,9159.606322717396,5098.964978307743,4764.946706972065,0,6177.221221665619,17500.631783164143,6474.360949884291,4378.308688512063,5992.73258353934,7871.425459783542,16915.034506615917,4873.10189975819,17866.485188039398,5654.231858555875,13409.731372030192,5812.679621690952,6593.051523690801,8718.260159923873,17611.53491425656,18186.992734911186,11368.227746417366,7493.780456009623,4760.716954324582,7610.861120184861,4457.1307598153535,12964.56185663469,18539.481623990923,21461.51305037164,17284.315189582605,6892.905589970717,22007.92917661138,10328.239983353611,6074.427903904997,7640.7046567772895,4526.547811780131,18618.17710765044,23074.957386487684,13394.803688343427,7320.001663865778,8952.390066071064,9823.880258004532,4302.801566017415,24497.945196204793,8459.274072499193,13379.019741457767,24737.148470759425,25621.795849369355,18617.250979320255,12933.13572256177,13212.85961117267,17949.281434117427,9626.267483350666,4984.638722989323,7710.175929698877,13881.93022712872,11912.103343359397,10186.78366983854,3687.706926758254,14958.831052761123,20310.76434416315,21434.674534942747
21490.480969948632,20175.077677387955,20668.923465358657,24627.812232998822,10672.110617492543,15382.73586051007,11050.550596175692,7554.384882960637,13797.986901112497,8890.678212729734,7259.360623544753,6177.221221665619,0,19551.91664403654,10770.103946225505,5211.179896385432,12753.30844991371,8279.851868418456,20138.373226831554,9764.8924277811,19584.506963739663,8278.511118372657,17437.645747874816,9804.574696066822,6410.561712936945,12214.513623480467,22492.399357640516,22555.71620350533,14747.790096738736,3248.1871213874947,4732.781201688597,2954.6887040057304,4105.011496528858,17700.74834820652,21374.754550999634,24121.254392996783,19859.089125703005,4211.905308370765,25068.72262975206,11606.280529540338,5011.718967677983,8737.330286225204,6439.954635890032,22797.125943833307,26456.069686729265,18025.32963484232,9019.472135441225,14327.098829739962,11066.989288782734,6227.192040464016,26828.106394463797,10902.54168208608,17060.07325435655,26216.933517234054,27939.480409987504,23750.989956667312,16979.670938171625,18257.60320406491,21977.923291736515,13840.893887859922,8094.206268187548,3721.7224431517557,16888.583793507965,15263.811730212377,14153.037299272304,9199.961767724028,17767.317692440683,18992.365691630166,25682.29704739329
2149.948574015601,3619.5640918491135,1577.9886025274,5257.312357975262,21006.12475469803,8501.42560897764,9038.545005565342,12472.40951393409,22234.639933635044,12179.827861403634,19411.42160510706,17500.631783164143,19551.91664403654,0,20241.775325743176,16663.04463946158,18951.95641813625,12063.480229915223,1311.2218210770982,13018.449993686378,10501.809209811681,13075.105524654702,7007.587061793355,13729.702021886269,15683.47505777903,20978.814045142928,10156.463040869956,8955.545973380733,12844.283052320148,18720.270725836206,16524.78670685794,19326.760269767623,19047.858407032225,12924.054301286034,2399.069665329164,4932.850725778708,9374.86411126368,17344.0939566601,6849.3156682097115,15989.018891450252,15583.412915840137,11387.182179733254,14827.676870406327,4799.710820651538,7247.334603507882,6465.4727591389965,16322.793517103957,17084.81812855051,18223.38080351985,19013.863020055658,7638.838894337935,9713.049657381462,14232.934280144978,14296.786440408096,10556.6636403896,11970.773940524887,15041.469021016943,16747.935862427625,5529.103856348182,22534.60317626748,19768.627740554708,19419.562203727837,9966.351002607596,8776.593751533197,9041.667449412884,18251.745354740277,8537.520352395784,12440.138999384479,10884.344183084568
22181.534408559903,18769.315607528068,21458.760113546552,25274.1769022837,3174.4124336932787,15246.129990012438,13588.466350844985,12027.668172546579,2985.2613872855054,9753.657709007743,6078.5703015507415,6474.360949884291,10770.103946225505,20241.775325743176,0,8837.504787400381,3942.861806094015,13389.050054886906,20557.399893723945,8127.133558534085,20892.355394122565,9123.279619529128,15345.224078307609,6798.986324042575,8892.863747460642,3652.5277484405665,17897.336322910895,21234.563178286386,10541.823030643996,12005.384084457653,9331.358764209508,12206.32558017388,7915.867641860752,14773.287123345457,22203.371716866088,25141.52290305478,18487.92201305572,11855.117398967079,23351.584749517267,14001.238852295617,11556.832967189308,11903.300849186935,8788.355662629783,21380.446278273394,26180.04069334726,15965.133603195683,8259.576285281197,17679.664022219727,9381.86723746912,4823.604809980248,26035.398836653803,11820.893201884106,11668.207788168107,22757.56849960824,28237.825516152865,18097.353184466778,11636.3824483485,12107.045087592347,20546.130195760743,5026.099328686301,4463.844441479998,11755.949941921548,20028.205133830535,13216.246392864763,12498.725942002015,5686.518732073009,15927.97238884112,24771.634241232252,21292.777225588205
18736.68033271882,16848.689797754105,17865.28136135809,21830.82047840878,8832.44718334864,8745.74167732331,7796.885186123997,4778.857971281766,11543.396857696436,5321.887577275055,4333.9284486115685,4378.308688512063,5211.179896385432,16663.04463946158,8837.504787400381,0,8123.679463513781,5736.607985502553,17193.955390102943,4933.782501714636,14569.766906876846,4059.0010080247303,13205.492004361573,6217.202920713033,5459.4280421666035,10097.962032781614,18751.7193641795,20140.8602239886,11894.254329051773,4049.2370836569635,1164.982158420459,4581.230431251899,2528.023214099432,14493.890155545647,18564.214648335692,21463.10017627592,18270.898709560388,3559.741797211755,21634.14371558767,7988.411120043324,3173.8928540114553,5583.105956236387,2483.2895062226626,19744.215640639937,23467.925524637398,16452.6402038771,9573.860336542948,10830.132759759825,10545.457907685714,4302.033988824986,23511.158054918702,7764.584414970611,14974.932976229105,22771.12830850447,25368.914669582267,19871.751593486577,14501.983944797128,15346.914043607965,17998.327099724742,12066.111170566408,5522.225486547212,4278.67243885611,14474.64498895905,11956.499957838067,10010.128685142596,3582.629194053701,14856.124608728202,19576.72601308329,21949.832450117352
19887.78193311274,17063.333231541692,19950.78547126845,23180.604494258576,4728.933325812676,14869.804595533875,12089.806000828257,11212.645770078801,5508.765458703853,8863.742473805496,8070.281883953208,5992.73258353934,12753.30844991371,18951.95641813625,3942.861806094015,8123.679463513781,0,12400.904021560933,18608.248472110252,7301.603749516651,17533.248493710165,8157.296408660406,14819.649277904356,5919.4047030780075,11013.651382568307,7090.68190727043,16805.239198834865,20494.73472793802,10558.395500165261,13790.448953261719,9688.789254111112,11647.366974696457,7929.904630272246,14041.934758785812,20562.25962090458,23545.986332207296,18066.05337962643,11475.626835115298,22028.20876712607,10866.192051993015,10544.589851033,10739.988114634984,7425.989137251346,18454.894862176745,23731.309556702214,16499.754987777796,9551.8862784197,16488.4748795678,7221.061200342507,5119.7619600441585,24560.738029971373,10309.974942821791,9718.795885509451,21258.93089443127,25475.22207565667,17203.02429368824,11456.974805882715,13900.88372008187,17909.852368280634,5892.614819144161,4878.011460368747,11766.617420394912,18637.4128328716,12380.936747177111,12048.176212773924,6195.286469095395,13290.994759937716,23825.843881980323,19803.758452142523
13983.266782119097,13396.867279085072,13310.41519085987,17020.035254084556,11933.619565153578,3603.798459668077,3379.5164373813327,1469.1173287568101,16023.515467214678,4642.733743815111,9716.207526774537,7871.425459783542,8279.851868418456,12063.480229915223,13389.050054886906,5736.607985502553,12400.904021560933,0,12712.126217740846,5993.868349189275,12835.824632483402,4334.685425492349,11358.402836291363,7873.484359561055,7418.050759653911,14497.64541431485,16979.569277972732,17293.918129678477,9491.664163437685,6760.411044816203,5309.591262532385,7441.906690594751,8252.028255571904,15241.348783453697,14037.600174288542,16651.156222533238,15157.623442575768,5866.157150179151,18108.43993426819,9680.361500055156,3961.8580977249217,1971.6654175083072,4744.913997114628,15674.833934583994,19202.756598328433,12654.486508140088,10278.76326951396,11158.350131229305,11213.443075023813,9643.440279956107,19580.358975217267,5295.598800814518,12498.406265279025,18606.13219090232,22649.572382221693,17176.925981688735,14810.772227909862,15735.55889319739,15864.61414462606,16563.937839765633,10872.160027113752,7752.534268093762,10446.4966383528,7430.487227167606,8846.447503314861,9224.68316687908,13480.072751748745,13379.177413896135,19595.369535189613
1880.0818689045389,3148.85064942272,1156.9796690027479,4884.694186168003,20808.272145657524,8982.172001315279,9594.23120283332,13017.875558454147,22184.27300273781,12549.147980683852,19768.290458178646,16915.034506615917,20138.373226831554,1311.2218210770982,20557.399893723945,17193.955390102943,18608.248472110252,12712.126217740846,0,13339.866392633974,8491.421922671308,13493.848465157624,5532.44571452779,13951.296849414943,15181.701202106071,21144.693496586897,9336.295479186714,8216.531416172173,13587.310147926306,19284.62658811442,17015.482166020185,19899.25381105661,19490.25795705472,12824.418712060107,1899.8048858775098,4694.170507278753,9928.555179644805,17888.629940388953,5953.827836605339,17180.237343941506,15969.173574664748,11822.431508978105,15264.607797259983,3867.7832611029535,6565.4196016158985,7372.642745669899,16941.275553174873,16603.576938923485,18478.08942867089,19260.53304838754,6900.202857850616,10883.494750652555,14103.63007988184,14639.636759787509,8554.094684802023,10752.758445273106,14273.06095058843,14838.536744156927,4758.481183953315,22634.185565912783,20055.60758083172,19942.10678125825,10554.961314269294,9083.731279027397,9055.899309318978,18169.756825554497,8511.489122375588,12719.67449934324,9759.918351065782
15003.999838962065,12689.892670933223,14228.184526923034,18233.4656300571,7782.155040021393,7740.514141203989,5507.488772210196,4690.6233051947665,10500.732220102796,2774.6471022360624,6849.615397449477,4873.10189975819,9764.8924277811,13018.449993686378,8127.133558534085,4933.782501714636,7301.603749516651,5993.868349189275,13339.866392633974,0,12323.163475202507,2137.8660121892085,8294.234367636689,1963.537738509938,6156.551457050841,9341.324893781106,14016.572659176301,16120.23716068014,6875.588593167888,8588.70956233157,5252.680823980675,9183.398126196164,6722.904847264368,10443.236952712481,14918.601083478217,17872.802737180184,12000.347381126412,7679.655528096145,17399.33665270643,9762.553086359432,6196.711915899159,4458.194028883912,3238.2490192988944,15297.895321752025,19568.423986742244,10808.070447057233,7608.710934527904,10801.51911324903,7648.554227676414,5968.9033156250935,19486.27005312912,4560.016794405609,11820.539330079633,20903.389689870506,20765.279778692828,14675.538982956781,10384.876487119176,12254.386129034594,12878.216944743548,11332.185676098357,6767.965624860515,9018.670850479837,13933.521533078392,8004.199863319144,6560.70754162272,6245.31822091539,10083.263404588555,19042.963039408492,17063.3788204347
11614.867176347767,10008.940909648793,7980.362427204698,6198.372983547188,19205.104438236103,10817.185319403732,10464.757634279973,12647.361640619225,17323.55461225115,11168.269897819115,19976.59936226255,17866.485188039398,19584.506963739663,10501.809209811681,20892.355394122565,14569.766906876846,17533.248493710165,12835.824632483402,8491.421922671308,12323.163475202507,0,13155.348206573659,9840.34661655568,12433.901997998064,15184.811834708444,18776.651854196727,12782.248076100797,13191.860498603679,12909.728838200164,16256.44840250457,15749.757295768533,18912.68038059043,18836.974164466617,13603.758446986141,12281.14776559553,15054.715189344974,11823.737240633682,17193.10436232787,10367.290776290532,16253.336766542723,15030.150979091184,12304.622085514533,11817.501921959383,9697.447367288209,15002.958667720492,11242.341006468649,16002.212594781384,14975.889305005447,17302.30245425405,15843.101071042298,12388.519070108492,11206.712449960769,15992.371356322239,19843.54890446589,18102.006041941404,15280.776922855772,15734.177593985976,15912.426580177487,9199.866619485663,20827.745939838296,19709.535173800894,19988.742773819184,12367.813306957627,10264.116946220553,10432.832009182095,17483.84854587605,11637.59855335194,15824.902017235516,14982.155114837435
15070.810212673088,12991.652316227437,14307.456571940098,18298.361510736475,8230.086507358632,7067.461486348161,4661.3412220212995,3179.19056392465,11626.842683108418,2435.635806055033,6698.86372274681,5654.231858555875,8278.511118372657,13075.105524654702,9123.279619529128,4059.0010080247303,8157.296408660406,4334.685425492349,13493.848465157624,2137.8660121892085,13155.348206573659,0,9336.199346153047,3482.7148218639422,5503.267901924067,11135.203013277618,15183.192463935125,16709.87472107076,7270.01986131555,7224.989812101939,4020.416714790938,7632.180412623386,6159.918591247142,12494.332361163806,15019.763107449371,17903.28150913315,15479.000163704059,6268.598077045394,17988.96977462809,10613.69709135843,4576.595179529431,3313.934325214596,2029.6975013072847,15758.022700792326,19890.30865549116,7549.96981609744,7939.978649139988,13635.768812383356,9677.882469883665,6083.484165491266,19994.968527326608,4883.093145898434,6625.607513892049,19021.054232174625,20888.763306554054,16645.552643297273,13292.355658006134,12593.294470589279,15359.331622763402,12571.610205009645,7031.23535484879,7819.461663222259,12539.616756441419,7111.3212007760985,6790.301636977351,6438.914170066046,11863.423893917823,15154.984392928933,18100.566498931155
8697.06590142975,5053.057797017371,7253.81081311444,11475.78619587156,14746.474210121742,8308.051492921113,8606.439802776991,11016.879621065538,16422.972788970466,9563.100948219024,15224.346929578862,13409.731372030192,17437.645747874816,7007.587061793355,15345.224078307609,13205.492004361573,14819.649277904356,11358.402836291363,5532.44571452779,8294.234367636689,9840.34661655568,9336.199346153047,0,9573.56159670811,12963.603738477956,17033.000992176047,8185.836339675311,8919.929454741861,8854.418561434284,16490.272372901487,13455.192272971664,16485.482875044927,15663.011011966653,8259.610278817756,9518.100247063154,10875.624177742287,8298.234077929052,14829.9870956584,9772.219639308865,13827.43034976173,13881.003360040895,8861.59582716235,10948.362043968022,7506.043888915052,11714.098200973509,8594.206921884617,13908.4956067639,16153.457151050598,13836.121512022472,15306.45905688332,11474.758819198885,7939.859072913801,10075.846791526297,14400.193290551468,13100.662017124298,9648.33687124522,9245.308937112675,10276.635771654723,6747.846972838973,18190.3960229563,15416.754918126568,17468.745986468883,13029.966875252363,7390.5944912316,4840.276608074345,14278.598399327057,6160.637069316707,16205.902594734618,9091.814321042293
15667.757534790135,12658.870163050593,14882.64071859248,18854.82775396289,6999.297913703225,10031.598881407204,7104.0767181991105,6576.793502268376,8995.839026845653,4045.0333988290645,6829.647005205627,5812.679621690952,9804.574696066822,13729.702021886269,6798.986324042575,6217.202920713033,5919.4047030780075,7873.484359561055,13951.296849414943,1963.537738509938,12433.901997998064,3482.7148218639422,9573.56159670811,0,6020.33067022813,8633.888126311282,13475.03887072255,15935.544478497164,6927.279665345046,9995.684821741104,6573.758564131325,10465.522123019338,7459.313960954925,8389.41978610164,15519.134124012031,18547.230230498215,12828.943020347386,9061.561760581648,17452.99022818246,9924.764631430005,7846.491122640809,6282.053959900916,4636.869464513377,15552.603771501197,19918.67931332163,10470.664476348413,8544.396465803102,13991.443389210332,5153.074520689644,5843.136939809811,19784.207103638313,5970.7254929202845,8448.139725995077,20839.286485842113,22950.943421401735,14510.45260977278,9980.391707645356,11129.110217000327,13272.098818283113,9813.551305662597,6420.277949500081,10226.229786329684,14326.18330224549,8225.786265254577,5922.286199401864,6358.8060037971345,9435.749017123304,17754.099014558393,16505.190417813377
17993.253901214655,16139.177972113977,16382.563316984524,22474.52518412798,7854.670470049076,10368.65259981893,8360.970412725319,6248.035866680133,12822.788445882665,6648.080092278547,4879.703994225367,6593.051523690801,6410.561712936945,15683.47505777903,8892.863747460642,5459.4280421666035,11013.651382568307,7418.050759653911,15181.701202106071,6156.551457050841,15184.811834708444,5503.267901924067,12963.603738477956,6020.33067022813,0,10359.608176424159,17642.383694124936,18542.033567748414,10042.569070961186,7574.704821487919,4588.215547814384,8009.05469223326,8038.572482641488,13721.498331105573,17501.0644789072,21641.32837370094,15381.689697103757,6494.112392334377,21662.33862465249,9381.667370459762,6839.996986151396,6732.801134328278,4477.802633660997,18793.06030402872,23625.325363499636,15836.179725864058,7709.67660012392,10267.457912316626,7026.597471805553,4481.292860395899,22712.426154806715,7634.186770264831,14389.060203218769,18519.03192082968,25264.431809827223,18241.842791503637,14203.918075294978,14237.39348407958,18918.413416690448,12093.35135963669,4234.204529281199,5122.359346510722,14579.111436259413,12249.906549269715,11893.202768876352,9313.942828296224,14760.035290951688,19210.87986357699,20735.625870013766
23287.79715932978,20177.478144847235,22019.68196677642,25792.2895520718,3570.689311989195,16998.991023026425,14748.602551738299,12733.018327765498,5262.925907724758,10772.677791844293,7288.558270944597,8718.260159923873,12214.513623480467,20978.814045142928,3652.5277484405665,10097.962032781614,7090.68190727043,14497.64541431485,21144.693496586897,9341.324893781106,18776.651854196727,11135.203013277618,17033.000992176047,8633.888126311282,10359.608176424159,0,19220.878327397008,22411.5486109248,13956.332060804283,12332.949708129758,10232.801465181125,11919.848985089408,8372.180226378465,13701.47758563056,23445.041295661005,25921.719440660127,18736.312679412982,12322.496923786473,24365.185440527115,15528.757558950185,12194.973848669324,14074.33023665359,10638.412362665713,22632.656448574147,27107.503538306337,17625.83804285458,8907.516374259643,15364.82117991835,9571.702540389753,6658.077563823079,26800.43677036589,13712.632270966285,15983.247556643386,21067.02059386988,30369.90194385253,19526.709917851338,13384.081828711836,14355.587358098826,21714.62908934631,10726.349496810253,7281.190255202724,12037.396030612505,19188.529960391166,15100.538106044502,12998.042599972901,7363.283474254726,17478.27472852756,24823.55046340132,22371.551171376155
10260.414523323356,6679.350501987034,9842.244496467045,11973.004091382243,18990.236390501126,14112.220738415359,13804.586268911276,16410.199686096912,18774.1944386088,14535.496014975803,19769.029925691568,17611.53491425656,22492.399357640516,10156.463040869956,17897.336322910895,18751.7193641795,16805.239198834865,16979.569277972732,9336.295479186714,14016.572659176301,12782.248076100797,15183.192463935125,8185.836339675311,13475.03887072255,17642.383694124936,19220.878327397008,0,6846.749624339217,11385.980166393265,22274.927397846142,19180.0077814456,22853.16017086596,20648.493510938184,8494.785906570061,10029.41352569645,11872.952768276418,9750.674762763283,20754.985230606067,7316.16761663614,18096.805470557163,19138.687200825643,15335.158485612872,16999.497674952516,6984.838176163925,10987.567504158347,10090.596129153711,17775.035655837168,20410.00410127252,15926.927296323363,19122.59214815425,9910.71653034666,13719.657087500578,12389.791417483764,13634.058792941167,14705.260048032073,5717.5559940459125,9475.42044285457,10329.17096014051,6783.745326400593,19005.163248920682,19281.43613635713,22482.809348739615,17014.875614210276,10773.374072088856,9282.868238882593,18638.9289336737,5352.751266025003,19797.655689415664,3619.4773367481384
8948.712774207916,7194.326142160764,8548.67623360311,9925.362326620438,22080.46149688629,14090.950017055093,14220.04178768533,17105.158809865305,22256.8848360853,15648.439876590446,21514.10149296934,18186.992734911186,22555.71620350533,8955.545973380733,21234.563178286386,20140.8602239886,20494.73472793802,17293.918129678477,8216.531416172173,16120.23716068014,13191.860498603679,16709.87472107076,8919.929454741861,15935.544478497164,18542.033567748414,22411.5486109248,6846.749624339217,0,14398.914207037811,22850.38590577077,20230.488575875854,23297.33431528367,22196.92821645242,10063.288420763582,8138.646791284007,9471.146852897633,11994.759873916402,21019.94162769308,6072.919548903488,19060.55885249718,19461.214647696102,15997.867894205549,18521.61638200104,7133.727729968585,9290.916852293603,10808.846144408628,19538.144287769006,21604.19561411381,19743.32230568817,21230.839511320984,8687.820663525756,15433.91244348577,14611.651480363078,15506.748865267422,10309.959557639098,10899.467922652546,14019.08368876256,15382.99249479796,6502.9811104489545,21788.781921878908,21497.123517210508,22966.272088445305,17895.89801323172,12718.70563133328,11152.94169327524,20565.40068547707,9293.82094891117,16530.358364417632,7894.2835068040895
13462.398741067753,12042.583838050088,12422.307303944786,19260.754277928823,11423.55917056345,8466.352741413737,8352.389582938882,8552.925986072312,13875.643087452467,7141.295355854875,12299.552915983002,11368.227746417366,14747.790096738736,12844.283052320148,10541.823030643996,11894.254329051773,10558.395500165261,9491.664163437685,13587.310147926306,6875.588593167888,12909.728838200164,7270.01986131555,8854.418561434284,6927.279665345046,10042.569070961186,13956.332060804283,11385.980166393265,14398.914207037811,0,13976.986192983028,10195.55927442509,13491.93534029072,11609.043247563384,10544.293332533245,13883.110956774803,17266.080577209046,13055.666017626827,12601.525265598719,15660.91329432544,14361.889629968373,10735.843160078311,8618.563632385627,7589.991664957111,15787.026917278185,19709.836089300217,11779.246562333015,11227.572739748615,16221.039505222863,9348.541764815289,10250.150157939417,14009.089218854126,8094.551360795678,10551.556217975396,20842.533797122353,18259.508261551724,14529.0271154128,10699.71368156856,11838.128465874177,12698.060373488814,13926.19900000434,12987.167946036197,11929.77047562847,15067.558909140826,9041.300206861453,6535.599318109731,12699.298098741647,11412.087284300293,19570.653833309134,14748.656331054683
20658.854633888714,19235.839081751154,19942.910988791606,23718.534210704936,12090.7118269616,11409.721732164422,9753.581010294227,6337.9051904539365,14704.972833387728,8126.357946442068,6876.713213870199,7493.780456009623,3248.1871213874947,18720.270725836206,12005.384084457653,4049.2370836569635,13790.448953261719,6760.411044816203,19284.62658811442,8588.70956233157,16256.44840250457,7224.989812101939,16490.272372901487,9995.684821741104,7574.704821487919,12332.949708129758,22274.927397846142,22850.38590577077,13976.986192983028,0,3466.3477340828194,1274.6763920351282,4477.650152678498,17475.51643692975,20626.107456642585,23296.791154461334,19812.413788210426,2478.70672327926,24403.824859090928,11307.500604308912,3627.5251381895127,7556.194074857121,5723.247944687802,22142.53768423341,25819.435276375814,17664.41414840526,9056.706502424622,11044.656734260552,8675.695791875878,7246.364276514825,26132.119714027383,9577.810093808632,13939.48608574594,23640.14665545703,27060.839080685182,22942.269642680352,17240.10057190706,19836.044898416098,20758.035020650677,15186.040089949733,8235.582114618244,2076.3770021055475,15958.373130405387,13894.056362829453,13680.875386421192,6595.292444715118,18686.275157409014,18168.55035192062,25200.825673550597
18569.381735177907,16603.630195447506,17795.816718917322,21679.431013811303,9357.657138281833,9666.614474701659,7596.320887041997,4748.136219311867,12182.523233532618,5233.840156107073,5088.7291487521225,4760.716954324582,4732.781201688597,16524.78670685794,9331.358764209508,1164.982158420459,9688.789254111112,5309.591262532385,17015.482166020185,5252.680823980675,15749.757295768533,4020.416714790938,13455.192272971664,6573.758564131325,4588.215547814384,10232.801465181125,19180.0077814456,20230.488575875854,10195.55927442509,3466.3477340828194,0,4052.778490812121,3155.5509889845302,13896.238980174327,18531.196203473617,21246.67887804155,16475.730781887556,3155.651724791387,21810.498635629057,11682.092807003339,2638.869694325384,5424.818419515348,2825.9176900579573,19690.008299097248,23537.71188443703,15787.053978502083,8267.273226640395,5938.77046563243,7519.771793629632,4914.331655486229,23656.759136193446,7060.82367964456,9010.853523680025,22752.20680940479,24710.913550033914,19204.054180393872,15767.444376534777,15372.279787971009,18852.990178522494,12810.098439157473,6036.251312261597,4003.1878527143094,11765.862219011044,11139.135849324623,11131.387243454195,4056.0525964883677,15598.543301264364,19359.55230020005,21614.833652054665
