442443.17044787365,4427636.156533911
442444.45316643885,4427625.15804297
442545.27283133304,4427353.561457131
442516.89240747504,4427427.811317126
442512.12460018456,4427440.834078225
442504.40923307365,4427459.207008246
442499.8029752533,4427471.00758182
442497.993033537,4427491.333859925
442496.2149754092,4427515.877815815
442494.72154614236,4427544.193548626
442499.28822460765,4427572.35248898
442497.9863117974,4427592.1199426
442493.32078810513,4427607.361905279
442484.41536557756,4427615.088064699
442485.6427655476,4427641.940267201
442485.2289442195,4427666.251925478
442483.8226416734,4427694.789005586
442487.5924889783,4427719.180040536
442492.4661653267,4427742.78575002
442493.99219875416,4427763.974809798
442492.629309915,4427786.961670426
442491.19449098187,4427811.725042051
442493.0695183635,4427833.910446924
442495.2132055431,4427857.758790668
442494.71318265825,4427881.960109974
442495.00910133723,4427909.818345147
442495.35242836573,4427921.359531746
442491.52228402713,4427934.153239585
442484.2749731604,4427935.318001016
442465.3786016147,4427908.710375336
442447.8873283377,4427921.163430715
442438.1625916864,4427944.657557458
442425.3069738518,4427960.516533395
442401.0821226549,4427963.030844866
442376.90986308065,4427961.215915839
442350.5156835569,4427959.084904967
442323.635404864,4427960.398606813
442299.668347086,4427963.133283408
442269.9619153363,4427963.247631159
442243.84906540654,4427964.444794405
442224.4679311359,4427964.036954139
442209.1046573573,4427964.375629533
442194.3677721366,4427957.272711742
442181.86964576005,4427952.705762576
442161.7075699184,4427950.639046258
442133.4091672521,4427945.0823245905
442113.1244674112,4427949.3435553815
442107.58944807755,4427962.372436485
442112.93748998694,4427980.868412634
442114.0031260208,4427997.510006938
442109.9783852283,4428018.2972587
442104.68424680975,4428040.537147516
442102.8205808893,4428064.859897543
442104.53020319977,4428087.601484026
442110.48328852607,4428107.091838705
442112.21230563923,4428132.386235146
442108.52227297646,4428163.493764882
442104.18408649357,4428187.946347863
442101.42127581197,4428206.282052231
442095.08189237275,4428225.754960596
442091.96332628356,4428242.206410859
442088.5362952514,4428262.98913583
442085.08985043626,4428281.219055493
442083.36493083555,4428301.322838594
442083.3640594643,4428323.63345894
442083.81278767204,4428348.937605486
442081.79125249246,4428374.9265483385
442081.44220689975,4428396.351837441
442080.8802006276,4428412.228843889
442078.7986967258,4428430.33738206
442076.7391770239,4428451.331704808
442074.11006775213,4428464.7824949
442068.6727013306,4428479.364652985
442065.5188281621,4428502.365281332
442049.9065408506,4428514.693992112
442030.02480924746,4428515.622463382
442010.23774346884,4428517.77124451
441993.43048450234,4428518.8983712485
441972.5810801148,4428516.060435026
441947.02783003787,4428512.037471901
441922.7557211089,4428508.115811089
441897.6249506062,4428503.534796674
441874.54436284414,4428499.16019539
441855.1628558804,4428498.531326613
441831.3951427433,4428493.607116725
441807.04010099464,4428490.019451695
441787.1018459278,4428494.722927899
441766.7105005367,4428495.988981239
441746.5675762431,4428496.254203182
441724.7918543539,4428495.089009923
441702.7549560804,4428493.259891125
441683.4842929588,4428495.960556205
441655.42826786014,4428488.405812175
441631.2250904443,4428482.375582299
441606.081261997,4428476.130652872
441582.50020860846,4428473.314750124
441559.79485872755,4428473.378147119
441533.35098755604,4428464.590484066
441507.1639736618,4428455.911935144
441484.6241566271,4428455.30829311
441468.6430866901,4428463.9781051045
441450.9582939669,4428462.005229662
441425.85184290574,4428460.6445287205
441401.6057754425,4428460.165269135
441378.8704420516,4428456.344496017
441356.7223056722,4428451.187284162
441335.8433448955,4428444.577370761
441320.66914235294,4428458.236197791
441312.28488593147,4428466.84774601
441305.0279677113,4428466.68173859
441314.0645046433,4428465.169042108
441322.4490225741,4428467.657324898
441319.2857376385,4428467.01573561
441315.05280715914,4428460.499488743
441311.1826988697,4428456.755402797
441305.721661434,4428457.019532909
441304.7342205046,4428461.800079225
441303.8132953887,4428464.1381495595
441302.30430399487,4428467.701739071
441299.7856102211,4428473.160091591
441303.34598242724,4428481.013499466
441305.0950495329,4428486.438921423
441304.1826915322,4428489.886908948
441303.775613484,4428492.443011303
441302.74621406244,4428491.784964289
441302.2572072962,4428494.7856922
441299.6089238727,4428505.57296463
441298.4190938787,4428506.248136074
441298.4190938787,4428506.248136074
441298.7630830152,4428506.578476583
441299.88040514477,4428507.568839555
441299.1344795929,4428510.460551987
441302.76277395216,4428504.993636759
441309.2725913533,4428496.840531411
441313.510373009,4428492.922895793
441309.0644811253,4428503.058042961
441303.7299399243,4428508.649118664
441299.77136155905,4428515.561560362
441297.86558670667,4428523.013154525
441304.5683592094,4428517.744511963
441305.846968253,4428517.512649739
441307.6257170664,4428515.722952337
441311.6825017979,4428510.474732008
441312.5163558571,4428507.915337497
441312.6742213756,4428506.249144782
441311.39132872445,4428505.92604726
441314.0056494355,4428501.7989403475
441317.3992989144,4428499.108800591
441291.7360168223,4428514.069593366
441284.4662923229,4428512.238730277
441276.4215158226,4428509.525870503
441271.28565567906,4428507.678547535
441265.1272478278,4428506.061119789
441259.4732533848,4428503.440816956
441253.41305164545,4428503.487615294
441250.27291943616,4428505.842831123
441245.24983770394,4428507.54660141
441239.28442494036,4428508.813660687
441233.65185922256,4428508.968169921
441228.01586357364,4428508.6787164565
441219.82865437004,4428509.629961932
441213.08561809355,4428509.682068828
441206.57891629706,4428507.179393078
441198.79960744147,4428505.6855449
441194.3362684327,4428502.5010948265
441189.2943184556,4428501.763084331
441184.08423193794,4428501.359372207
441179.3879912108,4428501.173687092
441174.24094275903,4428497.883536988
441168.2463479098,4428495.376933521
441163.19408882386,4428493.3070396185
441157.28484171507,4428490.799784551
441152.14121101506,4428487.953616149
441145.89139402594,4428485.560002791
441139.4751566642,4428483.7226740075
441133.14169463026,4428481.55171494
441129.11196143285,4428479.251933996
441126.0211337253,4428476.944888604
441122.5000914623,4428474.1971807275
441119.7412309934,4428470.666586454
441115.3546017159,4428466.371604476
441109.7031021797,4428464.084387382
441103.86026464973,4428459.134694949
441096.9129541859,4428454.859549071
441092.11929328635,4428453.120694399
441087.227381207,4428449.717628027
441083.007134619,4428444.86638389
441078.7817246098,4428439.34919179
441074.8934328965,4428433.2743988065
441069.993762139,4428428.872417984
441066.18909436,4428422.574984774
441057.9450506715,4428416.2009505555
441054.2412033088,4428411.900712705
441052.4996810094,4428407.474272293
441055.2381697801,4428397.3522009
441052.8430367522,4428396.70476956
441050.0340236862,4428397.725521743
441046.10850018624,4428397.866940452
441042.61319839786,4428398.449020417
441042.61319839786,4428398.449020417
441042.1062226614,4428399.118939792
441038.0979245884,4428399.593999294
441035.2742893251,4428398.727897912
441031.6867496773,4428398.422710841
441028.79840657674,4428400.221074513
441023.5364424788,4428404.146809924
441017.66666467226,4428406.745281096
441014.86712645984,4428408.9869552
441013.1909882063,4428412.995893621
441011.6113962168,4428418.447062856
441012.1502118812,4428421.8838347765
441011.7569978552,4428426.215820947
441013.8210295093,4428428.197787262
441012.31044399133,4428431.539452067
441011.3999320956,4428435.209459222
441011.16796346824,4428438.319212898
441011.8938419873,4428443.863503765
441013.31977703207,4428451.622334256
441010.97113348875,4428456.968469039
441008.2000196776,4428462.87287278
441005.78668607137,4428470.883472582
441008.14894876967,4428478.302045978
441007.52635780966,4428486.076762012
441003.16966419184,4428496.655397233
440999.2863741401,4428502.235435359
440994.8228237626,4428510.039944615
440991.4818100635,4428519.500725186
440988.03478560207,4428526.298368012
440986.459542481,4428532.304502553
440984.36786897184,4428537.75965194
440981.66838326317,4428541.887536672
440979.3801722309,4428544.014259927
440977.5135679108,4428545.47172213
440976.0142185782,4428550.256287766
440972.9939944103,4428557.0506266225
440967.74508899264,4428562.641279186
440961.8047430093,4428567.127317628
440953.8064256476,4428570.40835224
440947.4039959771,4428570.347053367
440942.6069243903,4428568.164326047
440938.4211182554,4428567.752830622
440932.3833730561,4428570.685670606
440929.06748619955,4428572.376395748
440925.7662539349,4428575.953982
440919.56125988316,4428579.33212501
440911.0241210853,4428579.176438414
440902.30765053356,4428577.912170164
440896.75273097283,4428577.067340663
440890.1071800716,4428578.672955802
440879.8353523114,4428574.9788335
440871.451660556,4428572.602029578
440863.4257747232,4428572.3314238135
440859.4279325735,4428574.138479669
440852.0176507252,4428576.194067524
440843.0459662355,4428575.042849825
440832.44823217625,4428573.349297826
440824.8681113674,4428575.517231744
440819.35462853214,4428580.000062639
440811.5253644508,4428583.057936139
440806.32221813593,4428583.542417085
440800.93540761573,4428582.363353834
440794.17774590675,4428580.528973003
440786.04836622864,4428577.928286468
440777.67847221595,4428577.3274536235
440770.5862969546,4428576.383685727
440764.0010592012,4428574.769985902
440756.47087105236,4428572.386661685
440750.66505353095,4428572.209883411
440748.7855310705,4428572.0025260765
440741.03299343726,4428573.949889941
440735.3021540265,4428572.44055744
440728.98766954493,4428572.711752661
440721.3781679938,4428571.106070378
440712.32196563657,4428570.066663475
440702.82774157217,4428567.587701279
440698.13152434945,4428567.4023135565
440694.89152198454,4428567.8715666225
440688.74947392015,4428568.363447844
440681.5615373089,4428566.088527196
440673.4355640763,4428563.931927487
440664.45950538875,4428562.225961194
440657.7819499892,4428559.725084715
440652.1459619628,4428559.436058037
440644.79076070996,4428557.60647081
440636.59240531735,4428557.115452597
440630.96594295825,4428558.047350889
440623.4417587213,4428556.441100064
440617.03151135816,4428555.381153275
440608.7269991069,4428552.227029218
440600.6018557422,4428550.181498719
440594.0156898423,4428548.456953705
440588.6158159801,4428545.613163897
440580.74845750263,4428543.78763811
440574.8745981796,4428545.831495552
440569.4877221516,4428544.652595573
440561.4470467573,4428542.49544811
440554.44883669977,4428542.6611317415
440549.79250039184,4428547.581456206
440547.0698295618,4428548.712720387
440541.30909882684,4428554.3076730855
440536.83129560563,4428560.225597261
440531.9721682581,4428561.040572291
440526.3413812998,4428561.417589338
440524.50090006,4428566.204916566
440525.209768539,4428569.529330621
440520.1660538289,4428568.569779776
440512.64879826846,4428567.851572464
440503.1160255036,4428571.3670815
440497.7369691056,4428571.18715823
440493.9342291068,4428576.100841207
440491.1670320162,4428582.449406321
440486.68407423317,4428587.701410282
440481.4329362722,4428592.959427511
440478.31999771483,4428598.755710165
440477.07703363174,4428603.538374477
440474.5311809896,4428605.445271674
440472.1456144733,4428606.018932604
440471.07075747737,4428610.467286801
440471.0514168601,4428618.90332943
440467.0065559226,4428625.594898959
440462.57511423586,4428626.517570705
440459.06258209003,4428624.88008514
440455.47772707284,4428624.908145932
440450.7763229174,4428624.056960565
440441.7062359339,4428621.242007609
440434.87446071836,4428620.851506639
440430.036242648,4428624.330350027
440424.96022269665,4428630.142029296
440418.75461877265,4428633.4095922345
440410.6634163711,4428635.692944121
440403.7689075606,4428638.188926113
440395.8292881445,4428638.029137293
440388.731026551,4428636.308782947
440391.3551265483,4428644.391116788
440391.49875429313,4428651.826897289
440389.241181769,4428657.838513003
440382.9215557892,4428657.444045729
440373.6807748974,4428654.6305118045
440363.6735467243,4428652.044995079
440362.06662548846,4428653.944569764
440363.0159548197,4428655.26911018
440358.898908388,4428663.626284801
440354.8393746029,4428668.431055408
440356.68313862116,4428674.965516411
440361.68496313406,4428681.475217067
440369.08971456235,4428689.631062324
440373.84242058184,4428697.030712559
440375.77760481095,4428704.341451704
440373.5409423925,4428713.016875919
440373.8596435367,4428721.0062779
440371.71878215036,4428731.01293545
440373.7462734858,4428739.210939683
440373.525888413,4428743.763610613
440374.51783692767,4428750.526750663
440375.4505325198,4428760.620313979
440377.14095448155,4428769.375954581
440377.11215304316,4428776.591090838
440377.7522471417,4428782.025006056
440379.92606429255,4428787.113903747
440382.7043008405,4428793.086053694
440384.3599117814,4428797.4020238705
440383.03169057705,4428802.185374989
440383.9469719642,4428810.059103769
440384.28392912704,4428820.3793352535
440386.3880381579,4428827.466756497
440392.18138710735,4428836.967235919
440397.13077682065,4428847.695317818
440399.5030961844,4428856.334621755
440399.9132070224,4428865.10030017
440397.9953600018,4428870.887257116
440394.7275581054,4428878.6827688385
440392.57019283966,4428886.580578526
440385.8996855103,4428895.845743802
440381.58508097054,4428900.763501728
440377.62406479765,4428907.232471588
440373.93476857076,4428915.697289291
440370.3151684108,4428922.163586925
440366.28274642763,4428930.409101561
440362.2337982139,4428936.545773723
440356.8767533195,4428939.140748607
440353.49059906806,4428942.71925924
440351.30805373035,4428947.398318876
440350.2333206688,4428951.846693818
440351.465649848,4428956.609971859
440353.7030278312,4428958.923397824
440352.9740468822,4428963.924054383
440349.6392632625,4428974.051085508
440346.01971263543,4428980.517395825
440345.9012446495,4428987.1782451
440345.5101882317,4428991.732257678
440348.1847517494,4428995.374237102
440351.12580667756,4429000.346111518
440349.9004040017,4429007.348638095
440349.53546092974,4429015.232405972
440347.28064844594,4429021.577014632
440343.8501037615,4429030.3728167685
440341.5813711978,4429034.941557765
440337.1736910945,4429038.861085936
440334.3998367803,4429044.321781125
440332.2051435357,4429047.446961492
440329.0829341301,4429052.022402231
440324.8302928889,4429053.942745246
440319.96540598746,4429053.980917081
440316.4861337454,4429056.561188596
440313.7819714906,4429060.023368534
440313.66005076887,4429066.240252032
440313.71753793966,4429073.565714606
440311.39571726945,4429082.241833833
440306.3288127,4429089.163519395
440301.6782051685,4429094.749956555
440295.647218597,4429098.460254682
440286.80845630675,4429103.302588665
440280.61463064875,4429108.0131658865
440278.95559931826,4429114.131121842
440275.7681482641,4429121.260068735
440272.7121760685,4429123.393042521
440272.8193149294,4429126.167168986
440269.85479533154,4429129.076416806
440268.1870606635,4429134.084456752
440265.9393273463,4429141.317026813
440264.01904160646,4429146.7710463
440261.34021838853,4429153.452010333
440259.92505094345,4429158.014073765
440255.58277923433,4429159.380167683
440250.7249349754,4429160.306319572
440244.76629225083,4429162.351110619
440237.6902836438,4429163.4056977965
440227.4607747996,4429165.040068459
440218.2859771171,4429170.551118243
440209.34193072247,4429172.841401869
440203.0340642544,4429173.8899828205
440198.0978693874,4429175.704774604
440191.28228566016,4429177.31235133
440185.0711206629,4429179.803170563
440178.3435097128,4429181.743063376
440172.03478132817,4429182.680678299
440165.5736969237,4429185.950470946
440157.1531212518,4429189.679682163
440148.6323575258,4429191.522712401
440140.1873356897,4429192.144169741
440131.1562418473,4429194.2132338965
440123.92880616296,4429197.71109271
440117.5999968814,4429196.095939582
440109.0582721818,4429195.275209011
440104.4355304457,4429193.535633228
440102.0265734354,4429191.11263212
440097.98902053805,4429187.814468609
440093.881853319,4429186.514833452
440088.1443397114,4429184.11805566
440083.1836939638,4429182.8251495585
440077.1857590658,4429179.875437684
440069.0567546942,4429177.275519363
440059.83222222846,4429176.4602241535
440052.75274973456,4429177.071016284
440044.9747484979,4429175.689343481
440036.8492283688,4429173.533426981
440030.1006426865,4429172.809645918
440023.8632659593,4429171.970840645
440017.93313914293,4429166.800664377
440011.5058006397,4429163.521393859
440004.23548583506,4429161.580763979
439996.79096903576,4429159.197520158
439989.46595043305,4429161.142293773
439982.8941750493,4429161.194150801
439977.778566776,4429161.900514145
439974.7078006506,4429162.1467467835
439970.59358896053,4429159.959242752
439965.10154470656,4429156.228633624
439961.2538846604,4429155.371016158
439968.2143650399,4429161.310007791
439976.7566426028,4429173.00845952
439977.8298669536,4429179.215922598
439986.7800623701,4429199.347075144
439987.85853024543,4429206.220491132
439989.3576015502,4429212.313596841
439991.63092469715,4429219.177585399
439994.1252559456,4429221.5998785505
439994.89425513614,4429221.704810013
439998.7453803403,4429223.006411761
439999.7835550485,4429224.7742021885
439996.87825374096,4429224.353128137
439995.50569576025,4429223.475966764
439988.2468189945,4429222.978247274
439984.1816924674,4429227.006282472
439980.45620620745,4429230.809641945
439979.3335567127,4429229.153519554
439976.40986013453,4429226.401623414
439975.4579031616,4429224.744154418
439970.65481623716,4429221.785096018
439966.72797562927,4429221.7050930215
439962.895243753,4429222.734337313
439960.446465952,4429226.083633099
439957.0983056838,4429234.434977073
439955.55820949026,4429244.770026509
439954.95956027077,4429255.430639998
439956.51420241105,4429257.749341236
439955.82704773074,4429257.199772239
439955.82704773074,4429257.199772239
439955.9088892245,4429256.755130796
439955.595544059,4429260.309567087
439958.17346795317,4429262.509190945
439966.1539933709,4429257.118246953
439968.37913924345,4429257.877674294
439971.00648788083,4429255.525960665
439976.98776300607,4429256.366742747
439981.2734906025,4429258.663894797
439981.98166515684,4429261.877271802
439981.98166515684,4429261.877271802
439981.64290649665,4429262.212941639
439984.62740983453,4429261.856392903
439986.5006558565,4429261.286616651
439986.4258194182,4429262.619192995
439987.4385927205,4429261.168216557
439987.09983379167,4429261.503886147
439986.9273889013,4429261.2832492795
439986.7566956834,4429261.284596225
439986.7566956834,4429261.284596225
439986.4170609443,4429261.50927394
439987.08932374493,4429260.171983284
439987.0849445596,4429259.617023759
439987.0849445596,4429259.617023759
439986.57987155253,4429260.5089998385
439985.81437956524,4429260.848036876
439986.3115698261,4429258.957133598
439987.58914186014,4429258.61405581
439988.9538122649,4429258.492288596
439991.2713081745,4429260.138984395
439993.41285540105,4429261.121076258
439996.1702180723,4429264.429285125
439993.3178755824,4429259.900838705
439994.0465871397,4429254.900142442
439989.84358076827,4429252.269334077
439988.8417984251,4429265.930093163
439991.75496635743,4429267.350091154
439993.1143807394,4429266.562373233
439993.88337541505,4429266.667304548
439995.49094835774,4429264.87863973
439996.76676838036,4429264.313579662
439997.73885666695,4429268.523865156
439998.02554506785,4429272.40656183
439998.09512931673,4429270.408034164
439999.0138005653,4429267.847813552
439999.8278615414,4429262.846444479
440003.92403659906,4429251.936245996
440008.55156620475,4429243.463832478
440015.0230412259,4429241.525807662
439999.79746205924,4429345.540805669
440003.03863458114,4429258.714158257
439995.5872059256,4429255.442981072
439991.21836532676,4429264.246358316
439990.5106756518,4429271.910860715
439989.9220082222,4429273.025493843
439990.5027935382,4429270.9119335525
439991.5076844875,4429268.462030477
439993.73545162525,4429269.554440903
439993.240887544,4429271.778319434
439992.48152675387,4429272.894299165
439994.6970322524,4429272.432823169
439999.45892207534,4429270.175276907
440005.7710613326,4429269.68148529
440010.146496542,4429272.532939743
440015.2944236195,4429275.933297783
440020.0808271729,4429276.78353782
440021.4489960802,4429277.105744028
440022.6455967,4429277.318304721
440023.7577261344,4429277.642530569
440023.7577261344,4429277.642530569
440024.4439986857,4429278.081113739
440025.2974628382,4429278.074383254
440025.2974628382,4429278.074383254
440025.9802341613,4429278.068998937
440028.3743099882,4429278.605113835
440029.2347758962,4429279.486319042
440031.03842789354,4429280.9150810465
440025.15782712074,4429314.483094821
440002.94195557665,4429278.916705011
439995.8082879515,4429272.646053042
439992.1799475269,4429267.124740261
439988.57437313953,4429264.4892187435
439987.1147230291,4429263.390748543
439988.0710519473,4429265.603178545
439988.17216332577,4429267.600359397
439988.17216332577,4429267.600359397
439988.3367256535,4429266.822069137
439988.920138487,4429265.041484465
439989.4374727099,4429265.703395216
439989.2702828218,4429266.148709732
439988.5892620253,4429266.376081146
439988.5892620253,4429266.376081146
439988.1634050927,4429266.490440335
439986.7002519209,4429264.948002589
439984.63792031805,4429263.188295771
439981.9404973068,4429256.660652255
439958.15716868785,4429249.633456069
439951.4808429517,4429247.244192972
439946.3416317254,4429244.953796785
439943.26038231,4429243.8681396805
439944.6522248367,4429247.187113585
439948.71785960224,4429254.036937372
439957.1458036727,4429262.073308925
439968.81164081075,4429269.418137875
439982.86102414376,4429275.967182268
439990.68447694724,4429283.120369989
439993.8738192099,4429287.091162362
439989.61876461405,4429288.678720171
439990.0673911727,4429291.45015071
439963.3520921082,4429269.794230855
439951.6161418107,4429253.570057701
439950.83750514453,4429252.244219678
439960.91279853135,4429252.719668504
439967.4096617992,4429254.00036814
439972.8031482826,4429256.066773752
439976.56803759944,4429257.258045915
439979.3906088554,4429258.012761371
439975.8572323737,4429253.71169369
439975.8397123929,4429251.491855603
439978.3427980841,4429255.024062682
439978.648270529,4429250.47070034
439980.3613366777,4429251.234172587
439982.0100775908,4429254.662124443
439984.48863490537,4429255.086560195
439986.45336019824,4429255.293053787
439986.4813872485,4429258.844794737
439984.51140762627,4429257.972349717
439981.677450003,4429255.774737604
439981.3264282022,4429254.55652078
439981.5929792476,4429255.88640304
439981.68620915245,4429256.884656651
439981.6148771565,4429258.661200662
439981.6148771565,4429258.661200662
439981.87266889936,4429258.881163883
439981.5216472599,4429257.662947047
439982.13046062517,4429259.101127112
439982.13046062517,4429259.101127112
439982.5528142808,4429258.542799968
439982.6145115819,4429255.545345018
439980.2619750106,4429249.45897567
439977.72822954785,4429242.042051379
439978.9099458418,4429240.367742915
439979.9621379341,4429243.911401149
439981.18327077845,4429247.231728659
439980.77493139176,4429249.565926318
439981.3872491795,4429251.448073929
439982.33657394664,4429252.772567972
439981.9916834912,4429252.331294452
439981.9916834912,4429252.331294452
439986.4013934324,4429281.156188462
439987.09379879304,4429282.371711645
439985.15535665787,4429285.494975239
439983.3902364426,4429288.949868057
439983.21253663424,4429288.063279807
439983.21253663424,4429288.063279807
439983.29175164166,4429287.285662919
439983.78981526464,4429285.505751283
439987.0093282653,4429282.483377027
439985.8998254461,4429282.492132269
439985.14659793436,4429284.385056144
439983.09565783775,4429284.068244572
439982.84487421194,4429284.736216588
439983.532900356,4429285.396779907
439983.532900356,4429285.396779907
439983.70184124634,4429285.173449064
439984.6494097951,4429286.275959593
439985.88016877545,4429290.81719899
439985.72524180845,4429292.816400358
439988.3066493517,4429295.460001966
439990.17375667644,4429294.113283124
439986.8137227273,4429290.143839221
439985.08490017796,4429287.3825112
439983.3709666652,4429286.508046035
439984.05286138685,4429286.391666033
439984.05286138685,4429286.391666033
439984.57019463804,4429287.053576464
439985.34882195777,4429288.379417906
439985.34882195777,4429288.379417906
439984.65904447675,4429287.4968706025
439980.55541384587,4429286.641264468
439975.2411652614,4429283.797236552
439974.7387233835,4429285.022189217
439975.3098673297,4429281.687716664
439976.38783433643,4429277.683251154
439978.56742296554,4429272.671102205
439981.0363394379,4429271.874625801
439979.1411975262,4429269.669605756
439982.80283074745,4429279.408604949
439984.9794087358,4429284.830370772
439986.77255781885,4429284.927219458
439988.8138635087,4429284.023121014
439990.26475151145,4429284.011672437
439990.26475151145,4429284.011672437
439990.86217598344,4429284.006958399
439991.80799206765,4429284.88748599
439992.6754677057,4429286.656622385
439992.6754677057,4429286.656622385
439993.10570234817,4429287.097222978
439990.6087643006,4429284.341954424
439984.323300167,4429277.398627378
439985.28225585807,4429279.944032793
439986.1199544355,4429277.939443559
439989.19330143055,4429278.026190689
439989.19330143055,4429278.026190689
439989.448464883,4429277.913178439
439991.84604664496,4429278.8932495015
439992.37739195186,4429281.331030986
439991.82375602395,4429286.885340359
439991.82375602395,4429286.885340359
439992.16864439024,4429287.326614322
439992.4811293965,4429283.661187658
439993.2413648247,4429282.656199804
439992.4697444528,4429282.218292842
439991.69899976935,4429281.891377868
439991.61102606077,4429281.559075564
439991.61102606077,4429281.559075564
439991.78434614424,4429281.890704448
439992.1336135806,4429282.8869379535
439991.7016270972,4429282.224353594
439991.7016270972,4429282.224353594
439992.12748319196,4429282.109994592
439993.217719483,4429279.659418274
439992.0079817627,4429277.781983583
439990.1233540782,4429276.908863731
439988.1603861227,4429276.924353064
439986.9383849175,4429273.49303246
439988.78798120114,4429269.926475246
439991.0069904938,4429269.90896581
439990.5176819762,4429272.798795973
439989.94127581303,4429275.467315807
439990.7973676667,4429275.793557178
439991.7856183551,4429271.234807883
439992.88548949774,4429270.005142545
439990.96933185577,4429265.13631384
439990.172311611,4429261.47964184
439990.08608921093,4429261.369323372
439990.08608921093,4429261.369323372
439990.600796213,4429261.698258485
439991.8354553747,4429255.9165780805
439992.4109881096,4429253.13706659
439992.56416641065,4429250.915881703
439995.5062378176,4429255.998613967
439997.85613317904,4429261.7520122165
439998.3857262535,4429263.967810239
439998.7437502648,4429266.073963076
439998.864999197,4429270.623957883
440000.6148357852,4429276.049094722
440000.00252459996,4429274.166945566
439999.76265498245,4429265.39993163
439996.3417187495,4429242.894162351
439992.75269714976,4429220.722717669
439990.7783296621,4429219.2953114845
439991.693979417,4429227.169002102
439991.6485197527,4429243.0421907315
439992.82458533905,4429251.468821001
439995.6751797307,4429255.77528341
439996.1097944167,4429256.770843692
439997.88806338515,4429254.980832702
439999.240475361,4429253.305180697
440000.0764294236,4429251.078609351
439999.1271075842,4429249.754113129
440000.29219010647,4429245.970961866
439998.63954582054,4429252.865926436
439999.0115807907,4429256.747949716
439999.6777166665,4429254.633716885
439998.40627314727,4429255.753735956
439999.9013577425,4429250.524996486
440000.9517874574,4429253.846673746
440003.59665926034,4429253.714809574
439998.9888135806,4429253.862160217
439992.7318340337,4429261.348447294
439992.3664043364,4429269.121247746
439992.3664043364,4429269.121247746
439993.0474249913,4429268.893876668
439994.07771342405,4429269.662739228
439995.0112707294,4429268.989380526
439996.0328018552,4429268.648324288
439998.3485418053,4429270.073038406
439998.18572989095,4429271.073312255
439998.18572989095,4429271.073312255
439998.7770256883,4429270.291655504
439999.6304907474,4429270.284922149
439999.6304907474,4429270.284922149
439999.46505169163,4429270.952220251
439999.967498511,4429269.727269301
439999.9517367806,4429267.729414993
440000.71722867206,4429267.390379373
439999.9149594326,4429263.067754963
440000.30841788807,4429258.846695963
439998.54719377507,4429251.97866455
439999.2986767117,4429249.863758367
440003.2211241332,4429249.388818503
440005.1048814114,4429250.150949723
440005.8852598377,4429251.698776999
440007.2464295566,4429251.133045476
440010.7360146892,4429249.884532399
440014.1393787579,4429248.525702201
440013.1760518555,4429245.425333827
440013.9196605629,4429242.311502054
440011.85120111005,4429239.774844616
440011.6638734411,4429237.6673448915
440012.23941495427,4429234.887835076
440011.3570552588,4429231.2318342915
440010.0803530903,4429231.685899909
440010.4922044985,4429229.795671594
440013.3931256566,4429229.661791323
440012.17463074304,4429226.674434552
440013.88769867655,4429227.437914342
440015.53380296787,4429230.532897532
440015.53380296787,4429230.532897532
440014.9425022743,4429231.31455288
440013.92008985253,4429231.5446145935
440014.0934100363,4429231.876243962
440014.0934100363,4429231.876243962
440014.09516090655,4429232.098227759
440013.7896662343,4429236.651588301
440014.33676487644,4429241.0872253245
440013.7612231304,4429243.866735004
440011.70852254576,4429243.327931824
440009.58185640705,4429244.232697129
440007.70510240085,4429244.3585000085
440006.58596302645,4429243.146341254
440004.11090554355,4429243.165865884
440003.4447673544,4429245.280098261
440003.4447673544,4429245.280098261
440003.0206602236,4429245.616440403
440002.58604585193,4429244.620879746
440002.06696017826,4429243.736984315
440002.06696017826,4429243.736984315
440001.8091685311,4429243.517020417
440003.03379423375,4429247.281318936
440004.1721964642,4429250.935299032
440006.41222452326,4429253.581599818
440007.3667978583,4429255.572048358
440007.5304868984,4429254.682766648
440007.0227845419,4429255.241765622
440007.0227845419,4429255.241765622
440006.7693711672,4429255.576761075
440005.30972207565,4429254.478287407
440004.35777481913,4429252.82081483
440004.2549164353,4429250.601650048
440006.3701979872,4429248.253988489
440006.83762573416,4429242.589362003
440006.4717231075,4429239.484281769
440007.39215223957,4429237.146046165
440007.2709084177,4429232.596051509
440006.87523727166,4429225.717246742
440005.800291128,4429219.287795659
440005.1774703149,4429216.073743452
440003.4547675012,4429214.089354737
440002.843328045,4429212.318197383
440001.81478412834,4429211.771317418
439999.31607401714,4429208.794062291
439997.8432800511,4429206.030711589
439996.9924348113,4429206.37042075
439995.1992674109,4429206.273569463
439994.25519363146,4429205.615025243
439995.26972769806,4429204.386033869
439996.2085474041,4429204.378626842
439995.08589763864,4429202.722502186
439994.8035846126,4429199.394765467
439993.9168342451,4429195.1838072995
439991.93195151445,4429192.424498075
439987.8203885141,4429190.569960539
439985.3444380107,4429190.478499192
439986.17776794545,4429187.918950887
439988.1241186574,4429185.794615342
439989.3032189302,4429183.787333087
439987.2426180738,4429182.249609331
439987.2426180738,4429182.249609331
439987.84092634683,4429182.355887036
439985.7151215098,4429183.371650663
439986.4902554523,4429184.253524558
439986.6662053319,4429184.9181289775
439986.6662053319,4429184.9181289775
439987.2697682862,4429185.69035799
439988.04052280623,4429186.017272576
439988.54560116574,4429185.125296754
439989.1395302632,4429184.676615097
439989.1395302632,4429184.676615097
439989.73521098285,4429184.449917273
439991.3489311424,4429183.4381952295
439991.3489311424,4429183.4381952295
439991.59971908847,4429182.7702236455
439990.5580339322,4429180.5584668
439989.0112692411,4429179.238685842
439988.1429053716,4429177.358558122
439986.3033123091,4429171.379138649
439988.22339358076,4429165.925046557
439989.9762852912,4429160.916269429
439993.55388442165,4429160.000051309
439993.55388442165,4429160.000051309
439993.7228284868,4429159.776720765
439995.5864679651,4429157.98603637
439994.2580878183,4429151.891583129
439996.3488758439,4429146.436146623
439997.7778988647,4429143.649902652
440001.7621081676,4429140.177508527
440005.8960044623,4429134.039964869
440009.5221962656,4429128.461422192
440012.71114758,4429121.554344598
440016.3478549585,4429117.307707952
440019.1971748292,4429110.625309575
440020.07385890617,4429102.737482335
440021.2205951263,4429096.623506119
440023.300040219,4429089.72518351
440026.0579020007,4429082.266518105
440027.62526359345,4429075.372234997
440028.8503579493,4429068.369652351
440027.6804358894,4429060.719962117
440026.6785839569,4429052.735950526
440026.4553738818,4429046.077784486
440023.5662110985,4429036.887669168
440022.05838394,4429029.684639654
440021.34145471675,4429025.361341384
440018.662366139,4429021.164515784
440016.4848666583,4429015.631750102
440016.4367230106,4429009.52719772
440015.7119108616,4429004.204973318
440013.90206409927,4429001.99927178
440015.1639243782,4428999.658345785
440014.3555117115,4428994.558778412
440012.9277658746,4428986.689126715
440011.3415734122,4428980.374707656
440006.68803743133,4428974.750475186
440003.4705589045,4428967.227938628
440003.6141178116,4428963.785844656
440002.20736867207,4428958.579999626
440000.8763367134,4428952.152571229
439998.9452248829,4428945.396880608
439997.71354785655,4428940.744649144
439995.03441755,4428936.54783194
439993.4280608518,4428927.680604311
439990.1313299077,4428920.935689866
439989.33252626495,4428917.057035805
439988.45274994214,4428913.734014484
439986.02089948405,4428908.425261783
439984.36508336803,4428904.109375326
439982.3520982807,4428897.79832995
439982.14548882924,4428893.2490113415
439980.33998581744,4428891.598276979
439981.1724737306,4428888.927737816
439977.46122384333,4428883.740082197
439975.11470753426,4428878.430659508
439972.9257509447,4428871.455012796
439971.4152192401,4428863.919018752
439970.94729375024,4428858.705770367
439970.8251522644,4428854.044786815
439969.5960726109,4428849.725535714
439970.3213113607,4428844.2808732875
439968.9867310451,4428837.4094837485
439967.9935542634,4428830.535399962
439966.92991648644,4428825.548851141
439966.2252040015,4428822.779444512
439966.28339899716,4428819.3380240975
439967.43977702287,4428814.44495258
439968.86973119737,4428811.769697021
439968.9878760611,4428805.108840056
439968.35712663666,4428800.8958659265
439967.1438057767,4428798.574468357
439967.6375207875,4428796.239598192
439968.74096275214,4428795.453898297
439969.91311361344,4428792.558680261
439970.8362172226,4428790.553417809
439970.8213262024,4428788.666556775
439970.8944149454,4428787.111997629
439969.7787081345,4428786.343811631
439965.5014748969,4428785.156582986
439966.3348462974,4428782.597034537
439972.2180016758,4428781.773612693
439973.37614167196,4428777.102526118
439972.99093818513,4428771.555629235
439971.92116506124,4428765.792137365
439971.8791209349,4428760.464529957
439971.75260047923,4428755.248587991
439971.7315784227,4428752.584784323
439973.1536632365,4428748.910603608
439974.8650897974,4428749.45209165
439978.00911367376,4428747.651302126
439977.1494590683,4428746.881094522
439974.06013152696,4428744.796497212
439972.7667069152,4428743.1417233255
439972.1123058445,4428735.931970207
439974.293808338,4428731.141809575
439978.45156094816,4428728.001036103
439981.58333390474,4428724.64636283
439985.22197136964,4428720.6216994645
439989.82313506195,4428719.586409699
439990.99880886695,4428717.135162721
439993.6149729938,4428713.340567489
439992.5513377776,4428708.354015996
439994.59192512935,4428707.338929835
439996.06698749505,4428699.557383623
439998.9234601569,4428693.762917986
439999.2158440565,4428687.544683722
440000.1910534937,4428681.3210635
440002.6207705917,4428675.529965785
440005.31793150085,4428671.179742809
440007.59795824834,4428668.053796499
440009.0130743614,4428663.491688919
440009.7234818802,4428656.1601717165
440013.2645602891,4428650.582310668
440014.08045820746,4428645.802932349
440016.0808042638,4428639.682229562
440019.0174182122,4428633.221148586
440020.17911259946,4428628.994037966
440019.6512370788,4428627.000223778
440017.5878691043,4428625.129516129
440018.59023405623,4428622.346644752
440020.5498701931,4428621.887197992
440022.50075514545,4428620.317833798
440022.15933995653,4428620.320525774
440021.81704961887,4428620.212225973
440021.81704961887,4428620.212225973
440021.8997779686,4428619.878577592
440022.37164426234,4428614.768917104
440014.0445721146,4428641.252268608
440013.91150172974,4428646.026262128
440013.9622676214,4428652.463786501
440013.51404263295,4428660.570226529
440012.11642935284,4428667.352169264
440013.45799854083,4428675.111498886
440014.90592477407,4428685.533959052
440015.23900747596,4428695.299218772
440017.61793227843,4428704.715349561
440018.53797781194,4428713.143996558
440019.29344275105,4428722.350932514
440017.8384922922,4428732.68528599
440015.25908492005,4428741.141529164
440013.3476220239,4428747.705527591
440010.6828728828,4428756.162445739
440009.6415720546,4428764.828558527
440006.5526993603,4428773.621819713
440002.6120652106,4428782.643798311
439999.3419983015,4428790.10650742
439998.02364751854,4428796.110838459
439992.8924897197,4428805.697207942
439988.45203925774,4428816.277120414
439985.38335542165,4428827.62320353
439982.57598993194,4428839.633218778
439977.8751418356,4428849.660199594
439976.23818781844,4428858.553017128
439974.28698713216,4428870.889276441
439969.34500948724,4428882.805145365
439965.4985904074,4428892.936390655
439964.1177134257,4428901.827190663
439964.18341886095,4428910.151579095
439964.67412455485,4428918.250615533
439964.7301929618,4428925.354093836
439964.13324578403,4428936.236684598
439962.5974492253,4428947.126686313
439962.4915810792,4428955.34143089
439963.40903673635,4428963.437099272
439961.3453783877,4428972.333290553
439959.7111023864,4428981.559089421
439957.4627354354,4428988.680759827
439954.5631207102,4428999.803528439
439954.6595070788,4429012.012633402
439953.556622546,4429023.6762125995
439953.0971029573,4429030.339767536
439953.5834348681,4429037.883845471
439954.31705057423,4429044.315983378
439954.5131599944,4429047.533399991
439952.1409134297,4429049.772104431
439951.8980108503,4429051.439004008
439950.7285382824,4429054.66720212
439946.73904770124,4429057.473671042
439943.41745190625,4429058.387888753
439940.92305208405,4429055.965612065
439936.0450158569,4429054.339151394
439931.9456371048,4429054.038529698
439929.02273407165,4429051.3976434525
439927.94419471954,4429044.5242366195
439928.5936751919,4429040.301152706
439929.85988586507,4429038.515171408
439931.40581241506,4429039.723948613
439932.4247422016,4429039.049908656
439933.7894513982,4429038.928132016
439933.7894513982,4429038.928132016
439933.78594518703,4429038.484164536
439934.79873958393,4429037.033181815
439935.46137250843,4429034.474976621
439934.61051052436,4429034.814692487
439933.75175964355,4429034.155481626
439937.6857096468,4429035.123403611
439935.87321745855,4429032.584744756
439934.8157189387,4429028.375142019
439934.1849656921,4429024.16216926
439934.4024458161,4429019.276505016
439935.0440436507,4429014.054495093
439933.4744457504,4429009.848936783
439930.52610556263,4429003.989285881
439928.69344164256,4428998.897815884
439927.8902305275,4428994.464208236
439928.1050781112,4428989.245568415
439926.87336391327,4428984.593347702
439926.3121734405,4428978.3818482
439925.76851521956,4428974.390185971
439927.02947683516,4428971.938253346
439926.91169152956,4428967.83222869
439926.41130433395,4428958.512283229
439923.7982034279,4428951.872995687
439922.73455137014,4428946.886451972
439921.3286204933,4428941.791613239
439920.00628462824,4428936.474116896
439920.23428033857,4428932.920355066
439918.4825602883,4428927.273254385
439917.6740762387,4428922.1736970525
439919.07856655086,4428916.279667621
439919.0128116237,4428907.955278947
439917.50223257235,4428900.419294668
439914.6938536493,4428890.673587264
439911.45783658396,4428880.82026046
439910.1945297762,4428872.172336571
439909.6543644276,4428868.624643338
439906.97691442125,4428864.649840476
439904.7957836852,4428858.673139344
439904.0796510618,4428854.460844191
439903.7823814283,4428849.246250794
439903.7823814283,4428849.246250794
439903.5333432304,4428850.1362085715
439901.3706223231,4428846.490337089
439901.59335136996,4428842.270624102
439901.7394990034,4428839.161503897
439902.923894631,4428837.820160695
439902.6625788135,4428837.156232762
439902.6625788135,4428837.156232762
439901.9771369016,4428836.828652196
439900.8658149751,4428836.615435439
439900.8658149751,4428836.615435439
439900.1821269095,4428836.509838706
439899.1596642737,4428836.739915152
439899.1596642737,4428836.739915152
439898.99071551516,4428836.963247636
439898.55606551596,4428835.967693141
439899.20730467216,4428831.966591775
439897.37458133127,4428826.875129985
439894.7500110081,4428818.792959138
439894.2574731119,4428810.471943892
439892.91843332147,4428803.045608068
439892.76379196526,4428794.2779279025
439891.50396054354,4428786.073975196
439890.6936917007,4428780.7524378225
439890.83194279356,4428776.644391223
439889.8360573981,4428769.437341934
439889.3224614392,4428758.452523763
439888.2359575343,4428750.580198411
439886.82821640914,4428745.263383298
439886.77032418,4428737.937923088
439886.9553325218,4428728.945562084
439885.92698346113,4428717.631816474
439887.21105297795,4428707.298785082
439887.6071175195,4428703.41069896
439888.4080191658,4428696.744444992
439888.4080191658,4428696.744444992
439888.06397597014,4428696.414167586
439888.51442295156,4428699.407574018
439888.1236204335,4428703.961610954
439888.8187230474,4428705.51010031
439887.7205386098,4428706.961762527
439887.68896187656,4428702.966057185
439890.03937338194,4428697.952539493
439891.73239910434,4428696.163180903
439897.26543283317,4428694.2324816175
439902.80811529217,4428693.52269633
439903.9697353359,4428689.295566748
439933.1674857973,4428689.9529360905
439936.19866277,4428695.478937095
439937.5809618288,4428697.57699811
439938.3666661059,4428699.790768787
439940.29087753856,4428705.658508248
439939.79453513736,4428707.66040445
439939.4873025508,4428711.991780908
439939.10172873177,4428717.211765865
439935.7279359436,4428722.344347741
439931.8604385118,4428729.811803484
439927.89795424667,4428736.059025428
439924.8708470326,4428741.8548671
439922.9489423337,4428747.086987269
439921.88670017355,4428753.08930932
439920.64761864854,4428758.316037137
439921.6434759459,4428765.5230900245
439921.01764165564,4428772.7429517815
439921.38447318407,4428775.959018124
439920.4710240348,4428779.185196742
439918.9627418497,4428782.749070176
439917.5056210359,4428781.983588491
439917.5056210359,4428781.983588491
439916.9961392371,4428782.320609133
439915.30575765687,4428784.44293797
439913.03807947366,4428789.12279891
439909.62487964844,4428789.260761174
439908.4317065381,4428789.492184847
439909.4515453037,4428788.929134252
439907.6521400902,4428788.055359756
439908.0771460226,4428787.830004603
439908.0771460226,4428787.830004603
439908.50565938273,4428788.048616783
439907.34054592246,4428791.831779147
439904.2035720851,4428794.520533029
439904.0425144738,4428795.742791838
439901.4141464769,4428797.983533549
439901.4141464769,4428797.983533549
439901.0727392014,4428797.9862310495
439899.69834028144,4428796.887102904
439893.40072334197,4428799.267839009
439892.95817686006,4428797.273358383
439898.2078940137,4428791.90393537
439898.2078940137,4428791.90393537
439898.28710689186,4428791.126318157
439899.72844234254,4428789.893943247
439903.53595517465,4428785.645907134
439904.0542053249,4428786.41880386
439904.0542053249,4428786.41880386
439904.22578613483,4428786.528447007
439903.4444647473,4428784.869638687
439902.4167334055,4428784.43376363
439902.32085815136,4428783.102536055
439902.32085815136,4428783.102536055
439902.7502488798,4428783.432139745
439904.78203526326,4428781.307110744
439905.36459208716,4428779.415529373
439903.3743108647,4428775.99029251
439904.46722648834,4428773.872681361
439903.5838903766,4428770.105702693
439902.89142711984,4428768.890187408
439902.89142711984,4428768.890187408
439902.6336168212,4428768.67022682
439902.45414318645,4428767.561657282
439902.7110765969,4428767.670626039
439902.5386184161,4428767.4499911
439902.3626524832,4428766.7853888655
439902.3626524832,4428766.7853888655
439901.7625564725,4428766.4571339255
439902.771874754,4428764.562180591
439904.2097084345,4428762.88583935
439904.2097084345,4428762.88583935
439904.1199716815,4428762.331554567
439903.35443247634,4428762.6705991225
439902.48863328825,4428761.123457104
439902.48863328825,4428761.123457104
439902.1402088672,4428760.238219947
439902.4684638676,4428758.570645158
439904.15972476953,4428756.5593054015
439904.66043878975,4428755.112365697
439904.0805108365,4428757.336922501
439904.1877857671,4428760.111043749
439903.85777664563,4428761.556634816
439904.37076691154,4428761.663580611
439904.37076691154,4428761.663580611
439904.9691093872,4428761.769852111
439904.2009393661,4428761.775921109
439903.1618050064,4428759.89715222
439903.56138187356,4428756.453033963
439903.36436980264,4428753.124627967
439900.86635170947,4428750.258397012
439899.98827316676,4428747.157369779
439899.9610872884,4428743.7166233165
439901.3030486589,4428740.709054155
439901.4448145517,4428737.044975356
439902.8747610435,4428734.369707613
439901.51262828277,4428734.824464596
439900.66436471435,4428735.497159204
439900.66436471435,4428735.497159204
439900.14961872034,4428735.168230006
439899.80031595734,4428734.172001156
439900.04848092614,4428733.1710516345
439899.78453062277,4428732.174148407
439899.8576057194,4428730.619588558
439901.18115374446,4428725.281191283
439895.103892216,4428744.753991081
439894.69263768755,4428757.522097325
439893.68304314686,4428770.183933204
439895.81305842136,4428780.489986408
439897.5955216149,4428790.0217951555
439901.1589679816,4428798.096548505
439906.3379515696,4428805.381548487
439911.50552677666,4428811.223658148
439916.6827382439,4428818.286681445
439924.06592992396,4428823.667303226
439930.18461697723,4428831.055895828
439936.1404776871,4428839.444767803
439941.75053849415,4428847.281380918
439948.4762871231,4428855.8861808395
439952.2992082271,4428864.402903822
439956.03326529625,4428872.47633515
439962.07616900257,4428881.086537202
439966.1481068898,4428888.71331132
439971.76160524273,4428896.99391379
439978.6535988943,4428905.042433775
439983.0078333814,4428915.996951688
439986.7716091728,4428927.844120928
439992.9085422088,4428937.563592392
439995.6367083178,4428947.975952514
439996.3217208844,4428959.07042443
439997.57616174186,4428966.608443989
439999.52565700933,4428975.694963409
439999.8456232577,4428983.795349065
440001.70713568793,4428992.5495669255
440002.21530933137,4429002.868443523
439999.20051600755,4429010.218144636
439999.25830500445,4429017.543607563
439997.45154466,4429026.548761446
439995.3147758186,4429036.999503588
439992.28073812276,4429041.907386958
439989.50537867483,4429047.146226972
439986.4731004826,4429052.276096562
439984.87336564227,4429055.063689052
439984.87336564227,4429055.063689052
439984.7941474135,4429055.8413056135
439984.4711439422,4429058.174828786
439983.70738309866,4429058.735849446
439983.70738309866,4429058.735849446
439988.1034129325,4429031.728458749
439987.2210206651,4429028.072461526
439986.70104331366,4429027.077575388
439984.2057717341,4429024.544292799
439984.0245634187,4429023.213737367
439985.4728738058,4429022.869312841
439987.0179186405,4429023.967109393
439986.94483019406,4429025.5216689445
439986.94483019406,4429025.5216689445
439986.85510206857,4429024.9673830625
439986.93169359525,4429023.85679097
439987.10064060084,4429023.633460358
439987.53001427115,4429023.963068763
439987.7904408911,4429024.516007787
439987.6179908329,4429024.295370923
439987.6179908329,4429024.295370923
439987.69808552973,4429023.628746299
439988.1143228404,4429022.293476769
439988.0254705231,4429021.850182741
439987.93399092293,4429021.07391312
439987.93399092293,4429021.07391312
439987.93048789224,4429020.629945663
439988.09330471564,4429019.629672027
439988.09330471564,4429019.629672027
439988.3449739217,4429019.072692425
439988.422441498,4429018.073092225
439988.07403811056,4429017.187851022
439987.7265104039,4429016.413601698
439988.0626533026,4429015.744956797
439988.0626533026,4429015.744956797
439987.88494852005,4429014.858368749
439987.6201427962,4429013.750470413
439986.6926846092,4429015.200772458
439987.72125584766,4429015.747650518
439987.209159664,4429015.751691129
439987.03320632,4429015.087086827
439986.9513600301,4429015.531727721
439986.9513600301,4429015.531727721
439986.6047079124,4429014.868470311
439987.0025544102,4429011.202371622
439988.53008642,4429010.080331237
439988.09720901854,4429009.306755325
439987.57985784486,4429008.64484473
439987.57985784486,4429008.64484473
439988.084948492,4429007.752869255
439987.6328042501,4429004.53747241
439988.37993175176,4429001.867606893
439988.685424473,4428997.314246924
439987.2926827891,4428993.884274093
439985.57080227195,4428992.010881358
439981.0069827598,4428986.940950207
439976.9105844524,4428976.206395718
439973.3376619506,4428966.910696066
439971.45596372714,4428955.603672417
439970.6838125393,4428944.287892303
439971.3407151606,4428930.185864766
439970.5711901963,4428919.20306062
439971.8456973804,4428907.649130889
439972.3695715364,4428898.321100767
439973.2453616639,4428890.322278617
439976.7495129751,4428880.08273972
439981.0984259372,4428868.72654939
439985.61542734,4428857.03603951
439992.35945703083,4428846.326951531
439996.0229758925,4428834.6431821985
440000.13077458274,4428825.175885211
440007.2171358183,4428814.575110244
440012.2778342811,4428806.876284603
440016.5940095222,4428802.180299512
440021.7540810012,4428796.25667662
440025.4806813779,4428792.564334366
440030.9108232167,4428788.414568137
440036.86358243006,4428785.59267061
440040.8453763892,4428781.787325713
440042.4408172219,4428778.444787943
440041.5724236083,4428776.564654932
440040.60555372003,4428773.020317534
440040.6760321926,4428771.1327838
440039.2806506756,4428767.369826996
440038.0857206518,4428767.379246603
440038.5768347904,4428764.7114059655
440039.41635758727,4428762.928808627
440037.96187046054,4428762.49627944
440037.96187046054,4428762.49627944
440038.4739836574,4428762.492242438
440039.6689144504,4428762.482822902
440040.51893677266,4428762.032127504
440040.07292742794,4428759.593671574
440042.44266748097,4428757.022021413
440043.53912378644,4428755.348398036
440045.07371510915,4428755.114304643
440043.6984550456,4428753.904158882
440043.6984550456,4428753.904158882
440044.2088190935,4428753.678138642
440045.39325313276,4428752.33681823
440045.2138000438,4428751.2282455815
440045.11969924683,4428750.1190001825
440045.11969924683,4428750.1190001825
440044.9437454728,4428749.4543948015
440044.75904315,4428747.679871275
440039.96618688805,4428746.0526700225
440039.96618688805,4428746.0526700225
440039.5341754045,4428745.390083206
440040.54703023814,4428743.939115885
440041.7358396788,4428743.152754005
440041.12349940813,4428741.270602731
440042.21558336023,4428739.042020158
440043.04373663967,4428735.816529765
440043.04373663967,4428735.816529765
440042.6152243893,4428735.597910031
440039.03041935316,4428735.6261676755
440039.0146705789,4428733.628315042
440040.69372403575,4428730.063120816
440038.6190144448,4428726.749513978
440037.9125701166,4428723.758117698
440013.07012927416,4428734.165872355
440010.3607323782,4428736.9622078
440009.33650250186,4428736.970285585
440008.144193799,4428737.312685287
440008.47422382626,4428735.867099031
440007.94635187864,4428733.873285373
440009.8937035285,4428731.859950069
440009.8937035285,4428731.859950069
440009.55842086824,4428732.6395853665
440008.7040201119,4428732.535325115
440008.0872939291,4428730.098217361
440009.58687504416,4428725.424444344
440008.73247348063,4428725.320184083
440009.4056654708,4428724.093888896
440010.8417794744,4428722.19558464
440014.8949429491,4428716.613684651
440017.6984540532,4428714.926596056
440017.0348876149,4428717.373800388
440011.62658461236,4428724.298370888
440008.9390688572,4428729.869502105
440008.70314473816,4428732.4243333
440007.76339140406,4428732.320746317
440004.45740360685,4428735.232787913
440004.1221216592,4428736.012423459
440004.1221216592,4428736.012423459
440003.6962346026,4428736.126781351
440005.15160423017,4428736.6702958625
440005.8536833508,4428739.106730212
440006.9632654089,4428739.0979787735
440008.82526293775,4428737.085316346
440006.962390008,4428738.9869869575
440005.51927686285,4428739.997357519
440005.51927686285,4428739.997357519
440005.2623440698,4428739.888385301
440002.45709404955,4428741.353495047
440001.87013267446,4428742.690109489
440001.00960450293,4428741.808907398
440002.9219338915,4428735.3558976455
440002.6474916567,4428733.027089222
440002.1830838579,4428728.257807379
440002.00099757046,4428726.816260272
440013.3310331979,4428702.307183842
440015.4228423728,4428696.962749719
440015.1282717214,4428692.08112945
440014.7422208221,4428686.423239671
440013.85980586294,4428682.76724101
440012.25997972355,4428685.554825163
440011.75748980517,4428686.779773737
440011.2401195481,4428686.117861645
440011.2401195481,4428686.117861645
440010.9805590599,4428685.675913806
440011.7557391726,4428686.557790126
440010.6750354396,4428690.229270391
440010.35550684214,4428693.006758107
440010.35550684214,4428693.006758107
440010.86850006954,4428693.113711107
440009.8320094493,4428691.567903457
440009.0480760373,4428689.576109262
440008.8581120953,4428687.135635826
440008.8581120953,4428687.135635826
440008.85636137787,4428686.913652212
440008.6125573008,4428688.469556968
440007.07707807573,4428688.592665747
440004.5974630189,4428688.057229157
440003.06285920355,4428688.291330553
440001.9427642113,4428686.968180797
440002.0907084371,4428684.081047375
440000.95397869725,4428680.649053453
439999.5760718455,4428679.105940164
439999.5760718455,4428679.105940164
439999.0692060015,4428679.775930554
439995.1630997091,4428682.359713179
439991.42069730384,4428684.054216695
439989.72939706343,4428686.065536389
439986.59760423825,4428689.420205887
439985.684991897,4428692.757367628
439987.14124676696,4428693.411870572
439987.4121921655,4428695.296711125
439987.85384331836,4428697.18020491
439988.9643071739,4428697.282442724
439991.0867475421,4428695.822715057
439993.5348400881,4428692.362442136
439992.83975784224,4428690.813943467
439987.0637748958,4428694.411470245
439983.33539196325,4428697.881846813
439978.5105619207,4428703.025857785
439979.55318802816,4428705.348603921
439982.452557617,4428704.992730561
439985.53226591216,4428705.856421389
439987.0086590388,4428709.063735939
439987.1474285095,4428715.833563046
439985.9997781756,4428721.83654864
439986.72813548223,4428727.602735668
439987.2744028178,4428731.927376011
439988.0907379099,4428738.025865286
439985.2710711814,4428748.481991998
439986.52993061196,4428756.574966878
439987.67628905736,4428761.22786901
439986.693220502,4428766.4525654465
439986.1447953331,4428772.672821355
439983.22402975534,4428781.131770149
439980.4678441038,4428788.812430504
439977.7847542375,4428794.938532923
439974.4206063965,4428801.292008457
439967.75490371813,4428811.112503161
439963.2882094745,4428818.3626758875
439954.56884405017,4428827.533400393
439944.0562444597,4428836.607295107
439936.0311275837,4428847.21554433
439928.90019072976,4428852.155803822
439921.61784774513,4428859.539238918
439914.0610531975,4428864.593875276
439908.033571837,4428868.748446859
439904.55698010244,4428871.661882194
439903.03557049297,4428873.560881933
439901.5986356229,4428875.3482157625
439904.2471458961,4428875.660285944
439906.0421465065,4428875.979100307
439902.6941666106,4428873.563579399
439896.595657598,4428868.727820879
439895.54337929515,4428865.184175228
439896.2121549849,4428863.402910207
439895.0982055406,4428862.856718798
439892.6186383688,4428862.321319111
439892.0053926589,4428860.328187346
439888.4259086007,4428861.022467684
439885.7931821547,4428862.708256111
439883.3814205566,4428859.952348024
439880.80421856226,4428857.863740968
439880.00447592203,4428853.874106231
439880.00447592203,4428853.874106231
439879.4008765052,4428853.101885713
439877.76867583755,4428851.782801714
439874.50515016733,4428849.255626598
439872.87294782355,4428847.936543641
439875.10348624724,4428849.361895691
439876.5237507133,4428845.465711956
439876.84146798815,4428842.466233669
439879.79367288697,4428838.002947798
439884.1977326866,4428833.63918714
439886.0430078703,4428829.517648849
439884.7443144787,4428827.19693864
439886.8316113959,4428821.297507559
439886.63371572504,4428817.858109766
439883.8673758746,4428813.440022223
439889.9574354278,4428806.398970039
439896.475142386,4428799.46554261
439899.92282455903,4428792.889373857
439901.3150503881,4428785.441456848
439905.95942561625,4428779.077833629
439908.6582472832,4428774.949558307
439912.45086731727,4428768.814665876
439916.84183577856,4428762.786047894
439922.34765074623,4428757.4146197
439928.09024629934,4428749.599353354
439931.72183165955,4428744.686729235
439937.3922404056,4428738.537021569
439947.39460795827,4428729.689147159
439958.7670221337,4428721.38546571
439968.2652041119,4428713.540588142
439975.82218640816,4428708.486008893
439985.3493003367,4428704.30388288
439989.23437635717,4428699.056291537
439991.4588059108,4428699.70473496
439997.17394874064,4428699.215655393
440001.17765646527,4428698.18508572
440003.14952821046,4428699.27951951
439999.8886076523,4428697.08526636
439999.8842301906,4428696.530307319
439999.8842301906,4428696.530307319
439999.4574654683,4428696.533673609
440002.70000190777,4428696.397098602
440005.9285319785,4428694.484656053
440009.36103307764,4428696.788557283
440012.4407414054,4428697.652258996
440017.64114351943,4428696.834258125
440021.41067568527,4428698.580513496
440020.0905393402,4428704.362855869
440017.0239633033,4428705.164028225
440016.1034624323,4428707.502259982
440013.90704670217,4428710.405547304
440012.3072266341,4428713.193131634
440009.849503748,4428715.432488682
440007.39528386836,4428718.115813795
440005.8878238201,4428721.790660875
440005.6431462435,4428723.235574015
440004.77211124013,4428721.022469756
440006.37280225934,4428718.345875573
440007.1365995858,4428717.784857884
440007.90477393265,4428717.778799333
440009.08132916637,4428715.438547035
440009.08132916637,4428715.438547035
440009.25290999253,4428715.548192538
440007.23683394416,4428719.671045508
440006.5697697014,4428721.674283564
440004.1383144351,4428727.243396935
440002.05352579773,4428733.475769107
439998.19122304313,4428741.609141491
439993.98226579174,4428749.07925843
439987.58480701083,4428760.4515996715
439981.3414320267,4428769.713755146
439976.88258226746,4428777.96284542
439971.0703744392,4428787.7766013965
439967.6077371113,4428792.46587609
439964.9176506343,4428797.7040485935
439964.6042765377,4428801.258481725
439962.86620520405,4428808.154122261
439954.87257402006,4428822.758056486
439948.5675996583,4428835.017694088
439942.6022983568,4428847.052658023
439939.8619545524,4428856.731187695
439938.6412846359,4428864.288742106
439938.5240450944,4428871.060592305
439937.1694886671,4428883.281152502
439936.0280418165,4428890.061090826
439937.54035713867,4428897.819062172
439939.71093444515,4428902.463870489
439942.7315095106,4428906.6579727605
439943.88400933356,4428912.087812356
439946.55967112124,4428915.840644404
439951.47109091876,4428921.684802683
439958.5013674432,4428925.625258641
439967.941594526,4428932.09967119
439972.4577708731,4428941.942917725
439976.9730599314,4428951.675175109
439985.96371910203,4428955.26718933
439995.877458409,4428956.853954022
440001.80951142014,4428962.246097109
440004.49125578,4428966.775892287
440006.4223577439,4428973.531584423
440011.25534824573,4428980.264388964
440016.92782193143,4428985.2145957835
440020.78431339515,4428987.182160647
440023.5452609601,4428990.9343464365
440024.25606510136,4428994.480701695
440019.9662560767,4429002.506440784
440011.01637957105,4429014.897888035
440005.70590709266,4429023.375681289
440004.0348180688,4429027.939812546
440003.4758969783,4429032.828167392
440000.9062476033,4429042.505331225
439998.67099602084,4429051.2918679295
439998.1409759345,4429059.842955119
440002.19264854584,4429064.916936145
440002.27757813997,4429075.683147733
440003.19147811685,4429083.334854293
440002.4062862045,4429091.998953262
440006.9490180534,4429094.405092187
440005.8911433626,4429100.962364928
440000.3325746907,4429110.44111044
439996.0349783566,4429117.467938549
439992.7668221062,4429125.152639802
439990.2484142396,4429130.500452272
439987.2822507439,4429133.1878277
439987.29188453045,4429134.408738418
439985.08422149514,4429135.869142987
439982.4401847296,4429136.112005001
439982.4401847296,4429136.112005001
439983.1168378203,4429135.32967379
439982.01081703155,4429135.782396896
439984.4718960998,4429133.986995323
439985.39933877427,4429132.536692575
439985.64662471256,4429131.424753326
439983.9799523697,4429136.543849574
439985.37354701327,4429140.084814168
439985.9171643941,4429144.076481202
439984.5953897095,4429149.636851122
439987.0757325411,4429150.2832718
439989.31929843297,4429153.37353508
439990.45071404986,4429156.139577725
439991.32083111524,4429158.241689439
439989.9163348471,4429164.135707618
439989.9487383096,4429168.242407509
439987.76911045477,4429173.254551967
439987.00448534463,4429173.704580633
439981.7611087186,4429179.850891023
439971.1741408498,4429190.257334548
439976.3452937771,4429185.776568557
439980.86870901054,4429185.74087009
439987.27414735436,4429186.245317452
439987.3761352449,4429188.353489956
439988.6327002163,4429185.346607095
439994.13562382536,4429179.642248825
439997.5022390677,4429173.621752271
439997.816484105,4429170.178310331
439998.8231428586,4429167.950392556
439998.72290930507,4429166.0642037755
439999.27002071246,4429170.499839384
439996.93545437494,4429177.511181849
439995.95944651833,4429183.623816126
439995.3020618843,4429186.847967911
439995.3020618843,4429186.847967911
439994.61753092724,4429186.631371106
439996.5673870024,4429184.951005323
439992.9132092128,4429186.977814504
439993.9478871142,4429188.301636537
439995.094183106,4429192.954542127
439995.47147617285,4429197.502516288
439992.4261205452,4429200.967506895
439992.703180137,4429203.629292172
439996.73026337125,4429205.595497542
439998.11946194543,4429208.581505165
440002.0865865055,4429213.76715166
440005.0549320943,4429222.179644331
440006.9982324049,4429230.4892251445
439997.04598058254,4429256.430460985
439994.3367806749,4429259.22680654
439995.19199842075,4429259.442056509
439997.64515857934,4429256.64773131
439997.2394418081,4429259.314903781
439997.2394418081,4429259.314903781
439997.3274155004,4429259.647206142
439997.8994472016,4429256.423727453
439997.8994472016,4429256.423727453
439998.49337115366,4429255.975046421
439996.98427761137,4429259.427915758
439994.7687681776,4429259.889391039
439995.3548102331,4429258.441782612
439993.90654457244,4429258.786205878
439994.0886223979,4429260.227753854
439993.7270939039,4429257.677633621
439993.7270939039,4429257.677633621
439993.22114424425,4429258.458617342
439991.44988338003,4429261.136564695
439992.73008252354,4429261.126463483
439992.22588472936,4429262.129431089
439992.75197640585,4429263.901261117
439996.32689996687,4429262.652067905
439999.7179966711,4429259.739344475
440003.02987854264,4429257.604239215
440003.02987854264,4429257.604239215
440003.3747675285,4429258.045513675
440000.31104481965,4429259.179671676
440000.31104481965,4429259.179671676
440000.0488753963,4429258.404748315
439998.85314678104,4429258.303183047
439998.6023608706,4429258.971154493
439998.6023608706,4429258.971154493
439999.2851339357,4429258.965767796
439998.8767897404,4429261.299964472
439996.418376472,4429263.428337875
439995.5946849355,4429267.2087963745
439996.308982656,4429271.199118028
439995.7395800522,4429274.755572651
439998.24790309207,4429278.953737665
440000.40433017944,4429281.82269389
439985.56096730236,4429261.18303305
439985.0808064655,4429254.415894301
439978.8233437651,4429251.0243127365
439972.6477180163,4429247.188095027
439967.2410834253,4429243.456810935
439964.05784254166,4429240.262972958
439959.51781118836,4429238.189835634
439950.5625242418,4429239.037530804
439940.92008172796,4429239.335668877
439937.40595898347,4429237.47644073
439935.3155577219,4429232.165006243
439935.34129702346,4429224.616882844
439935.8878849717,4429218.174634284
439937.6477418436,4429214.0537793655
439942.29275211133,4429207.801163418
439950.2037522404,4429204.408731763
439957.788266378,4429202.905865838
439966.5737781836,4429202.170518986
439974.83231582004,4429199.5523616625
439978.4663360947,4429194.972730056
439982.05393862416,4429184.510529937
439983.0846272349,4429174.512504051
439983.0093023517,4429164.967201516
439984.55733743845,4429155.6310865
439988.7923232245,4429151.490713612
439995.0078288318,4429149.554693175
439997.56301075435,4429148.86854127
439995.96329316974,4429151.656132026
439999.70283682743,4429149.628651305
440005.0727476542,4429148.698299296
440013.36899946374,4429150.852835837
440018.9367422239,4429153.361895724
440026.2819057752,4429153.969964037
440035.7528871474,4429153.562289404
440041.4685654576,4429153.184230886
440047.9523746205,4429152.8001216715
440055.9960647788,4429155.400690395
440064.2922938447,4429157.55528226
440069.68057274556,4429158.955805429
440076.1757465609,4429160.014614711
440082.2642915419,4429163.629604789
440091.4183518213,4429166.332461649
440099.95399207127,4429166.376229568
440107.5647926503,4429168.203270316
440112.6335145275,4429172.381309283
440116.42813517374,4429177.346374802
440124.3141869847,4429181.613237607
440131.08721832547,4429185.444874876
440137.7679064368,4429188.389254807
440148.57470917917,4429184.197247978
440156.0608312785,4429181.0303738825
440162.19187825406,4429179.206153629
440169.8609298722,4429177.59183661
440177.36976596806,4429177.310772593
440183.50693137816,4429176.263512787
440190.20661730005,4429170.771884448
440198.9337114721,4429162.600350866
440208.5247731584,4429155.75402036
440221.9425468146,4429147.101644327
440230.44505947025,4429142.927867745
440234.9527991304,4429140.8944669785
440239.465773888,4429139.527020152
440245.76756922976,4429137.701526738
440252.062392024,4429134.988103611
440257.1693218072,4429133.172006553
440261.85735993873,4429132.358191628
440266.96690886514,4429130.87507681
440272.2227499452,4429126.282852605
440278.0777774507,4429121.907924537
440283.76647264464,4429118.0893006595
440289.21568522434,4429116.3815367585
440297.5266613082,4429109.545371542
440306.59097824193,4429100.816325156
440313.3117236162,4429097.988612286
440319.00132515404,4429094.281007155
440321.2169009601,4429093.819627197
440323.15988484246,4429091.2514115665
440325.1925728302,4429089.237486103
440328.9052374878,4429083.769421129
440330.0678983676,4429079.653347893
440330.0678983676,4429079.653347893
440329.893718026,4429079.210719659
440327.6824915448,4429080.227056318
440330.39448958664,4429077.763807921
440339.8194312392,4429071.473944845
440343.04265806614,4429068.895692306
440347.0131331184,4429063.647611956
440350.8007294121,4429056.846986562
440353.2941716709,4429048.28053347
440352.36930561234,4429039.185895085
440354.1608135994,4429028.182976708
440356.57327249995,4429020.172153773
440359.8644697951,4429015.373402669
440360.7397793826,4429007.263636229
440361.530611866,4428999.26553109
440361.2258263863,4428993.0519956285
440360.1528937692,4428986.844483438
440357.452222544,4428979.872744683
440358.85529950744,4428973.756815931
440360.84712484275,4428966.526284451
440360.382952311,4428961.75698167
440360.4421930964,4428958.426557339
440361.6989447919,4428955.419739249
440363.7134047005,4428951.074996494
440364.7690005047,4428944.184803212
440361.7216969801,4428936.549789058
440358.4174663202,4428928.805792098
440350.9362830757,4428921.760544301
440346.44409285666,4428914.913858066
440345.27969473635,4428907.930075067
440346.1558747563,4428899.93130009
440347.8141407411,4428893.702370118
440349.317376112,4428889.472632152
440352.9334933456,4428882.562357536
440356.3066197471,4428877.318969945
440356.34149087564,4428870.880775009
440356.9076155727,4428866.880384541
440357.9814955482,4428862.321019482
440361.53403953504,4428858.186214186
440365.0630918181,4428851.05463154
440372.2465925658,4428841.896426014
440377.2153253236,4428833.310581339
440379.2786399543,4428824.303518831
440378.11339043773,4428817.208740156
440379.58620937105,4428809.09429569
440378.1796930933,4428803.888384927
440380.69587566156,4428798.207732424
440383.619682955,4428790.08191629
440387.30731482577,4428781.395122121
440388.2810869889,4428774.949570543
440386.7883490663,4428769.633335563
440380.267662811,4428765.355496193
440375.43574200803,4428758.733453357
440375.38354024396,4428752.073945326
440375.4968230926,4428744.747148473
440373.22371829604,4428737.883052521
440370.53428812587,4428732.354204329
440369.80622277025,4428726.587983754
440371.8860923592,4428719.689765045
440373.55138293206,4428714.34877744
440371.96979089006,4428708.589247515
440371.2286737048,4428701.158150129
440370.49538602296,4428694.725978998
440370.87429635506,4428688.618085085
440368.2789021933,4428684.198486697
440363.03494881897,4428679.466657899
440361.12237219844,4428675.041708541
440357.2318754374,4428668.745291611
440355.6650573922,4428664.872625603
440356.85130021547,4428663.75333821
440360.0816709684,4428662.06303078
440362.1040439251,4428658.717216485
440364.35550374666,4428651.928649985
440370.80581926997,4428647.216141713
440380.93591249123,4428643.6957819015
440387.5098708186,4428643.866257383
440394.8528798107,4428644.141710929
440404.2949420609,4428639.960782303
440411.872277859,4428637.459451733
440415.8752009105,4428636.318109628
440417.9332496746,4428637.522973545
440419.2135529869,4428637.512945296
440421.7663357274,4428636.493963443
440423.4577597244,4428634.482741355
440424.69894613844,4428629.478084072
440423.6503623007,4428626.378336161
440423.9700449046,4428623.600867805
440425.4123653377,4428622.479585898
440425.4123653377,4428622.479585898
440425.58394204266,4428622.5892407335
440428.2125229535,4428620.34868314
440441.82827818743,4428615.025131695
440449.8428466693,4428613.8523993
440455.14520915993,4428615.142874259
440460.84914515744,4428613.211251117
440464.3067327047,4428618.73411761
440461.37929408764,4428626.415931792
440468.2998907214,4428627.249755605
440475.42356614885,4428621.311083781
440481.418547616,4428612.9392816955
440483.8912032343,4428612.58693938
440484.6802291629,4428615.244731602
440483.644694273,4428613.809852307
440483.69270649494,4428609.036538346
440483.63973359886,4428602.266040387
440484.2094224355,4428598.709629096
440491.86523216753,4428595.319777169
440499.86159667163,4428591.816270737
440504.2198621887,4428592.448173348
440507.7995239344,4428591.754185099
440508.4658635882,4428589.64000123
440509.8865022365,4428585.743941477
440511.73912117805,4428582.510495114
440515.04623482114,4428579.709669335
440520.98891750694,4428575.5562542295
440527.7894882518,4428571.951129465
440533.41766443587,4428571.241138115
440536.9041757326,4428569.5489051305
440538.18015224754,4428568.983938229
440541.3313211955,4428568.071318428
440549.2180938005,4428561.460762517
440560.2152951139,4428548.720990575
440571.5730285704,4428538.420386484
440578.8134345352,4428536.476850374
440585.1496188458,4428538.980324623
440591.2488051438,4428543.9276225
440597.0988538255,4428549.76485886
440602.94542694837,4428555.158132647
440607.90378457936,4428556.118404753
440611.4085159578,4428556.757033066
440616.15457241586,4428552.3910390735
440622.6163886416,4428549.121640489
440630.38364999293,4428549.061015772
440636.35673407174,4428548.792403265
440639.5906786329,4428547.5461830655
440646.054240769,4428544.498788074
440655.08883676503,4428542.763322703
440663.0449946673,4428545.032226389
440670.9313750281,4428549.299655582
440678.59370842617,4428557.675784569
440684.52903288737,4428563.512421806
440690.4631646974,4428558.249222845
440696.2369792982,4428554.3192605
440701.85133856937,4428551.833526101
440705.2724390542,4428552.694846449
440710.5531701167,4428551.210705562
440718.0084195276,4428554.926550816
440722.87448770495,4428554.999628884
440729.5606728061,4428558.610479792
440736.81925565633,4428558.997920966
440742.6173022215,4428558.175763036
440747.0738868166,4428560.472016069
440752.79695245455,4428560.982431738
440760.73145154555,4428560.476643413
440766.7967978112,4428561.095402556
440772.8932533633,4428565.709869488
440778.8784245283,4428566.995253269
440787.740584431,4428565.039290918
440798.8097070247,4428550.523335861
440808.4348995225,4428547.895469063
440815.66585362516,4428544.731249743
440823.6046897909,4428544.780485952
440829.6898993709,4428547.952105391
440833.0308113034,4428549.480097433
440838.2857755056,4428555.655139698
440844.2579955198,4428555.275698706
440847.65750005987,4428553.362289305
440851.7389789969,4428551.332580244
440857.87414542754,4428549.952896955
440864.92146576126,4428545.1251757555
440869.84183233115,4428541.201981698
440874.5095908491,4428537.724748123
440882.59930295066,4428535.219909149
440888.55342849524,4428532.509676652
440894.18338736275,4428532.021936418
440899.2037915536,4428529.984958013
440906.2623650877,4428526.600168315
440913.33904926595,4428525.546211701
440922.0435096517,4428525.256608827
440927.40100960934,4428533.650883639
440930.8651839987,4428540.061892059
440937.58320487995,4428536.790774319
440943.98997138004,4428537.407023918
440949.4414658271,4428535.921724239
440956.13272514456,4428540.198723591
440961.8695716154,4428542.485164315
440968.3720213536,4428544.432672765
440973.3518664952,4428548.167976021
440981.5570919478,4428549.547290909
440986.2118696311,4428555.394094402
440986.2118696311,4428555.394094402
440985.6092223718,4428554.73277919
440982.1640455597,4428550.763564487
440977.59978361323,4428545.5820515985
440972.68290088204,4428538.960298134
440972.53553591133,4428530.969555551
440972.9916829685,4428523.751118969
440974.82556559716,4428518.075969934
440974.86183111893,4428511.748778961
440975.69471121294,4428509.078354559
440979.3451666009,4428506.497067513
440980.9660496085,4428506.373493375
440980.9660496085,4428506.373493375
440981.38937991153,4428505.926215353
440986.69097096456,4428496.11722542
440991.5503026961,4428484.31369892
440998.4745342886,4428474.603129827
441003.80543659435,4428468.567871294
441006.74811645626,4428462.7731337
441006.605952353,4428455.448342096
441009.68061982625,4428444.657654686
441010.817073234,4428437.100951527
441011.3680876446,4428431.102765746
441010.7112109361,4428423.448970572
441010.15776324115,4428418.125339614
441010.10440145154,4428411.243853442
441009.28111349384,4428404.146340916
441008.27506207564,4428395.496268413
441009.92021774274,4428387.491627538
441013.91389034915,4428385.1296942225
441015.96674473776,4428385.668768916
441016.6693883191,4428388.216283695
441014.27424892585,4428387.568864441
441011.61615508096,4428386.035497864
441010.66948983417,4428385.0438530585
441010.09437298385,4428387.934270605
441009.0873112592,4428390.162047411
441010.62630584737,4428390.483108617
441011.5437084662,4428387.701035342
441014.2363822748,4428382.685229323
441015.4081351591,4428379.679187662
441017.28597536054,4428379.664627837
441025.63885375275,4428378.045892186
441034.067628489,4428375.205595387
441040.89700235345,4428375.263661287
441049.11014067713,4428377.641975905
441055.5540101428,4428383.030963938
441059.7880668494,4428389.65806024
441062.39776914247,4428395.964748207
441064.3280578428,4428402.720694081
441064.3658925807,4428407.604329246
441068.6689478274,4428412.121926761
441076.3922539829,4428417.390022244
441086.3244875534,4428421.3090378605
441092.8510713354,4428426.364420997
441096.8195512078,4428431.772611792
441099.81645652186,4428432.970389221
441104.2601121052,4428433.60197501
441108.70433549443,4428445.3333953805
441111.82009797456,4428450.859193517
441117.64575409936,4428453.589057728
441124.8285038588,4428455.198439462
441135.24187629396,4428455.117853101
441143.62560864835,4428457.494947813
441148.3510723741,4428461.454329407
441152.31262570655,4428465.974615098
441158.56846616586,4428469.145175816
441163.63104383886,4428472.546967339
441170.14036483667,4428475.382581843
441176.1778881072,4428483.43877269
441183.9821110344,4428488.1513577625
441194.0072723552,4428493.06877828
441201.23715255636,4428500.782776102
441207.1824054977,4428507.951717296
441214.36937231885,4428510.116141529
441222.34339599026,4428514.716454665
441229.4145225447,4428523.9856821
441235.533869936,4428531.59729323
441240.51530355297,4428535.554753396
441245.0811038764,4428540.958405496
441250.1555957734,4428545.914138153
441256.2740479267,4428553.414774084
441264.1515053188,4428556.572897308
441275.6243177728,4428538.946582948
441283.6379049495,4428526.563908902
441289.14624648326,4428510.315637554
441294.26466882415,4428498.843308047
441301.3222945104,4428484.248065804
441308.2743191479,4428478.089517685
441318.89748916373,4428472.013654566
441327.9825673071,4428465.727672791
441335.7336430412,4428463.55892685
441343.67340613296,4428463.71969837
441349.73877316475,4428464.33892252
441355.53694956936,4428463.517233372
441356.65683722397,4428464.840579719
441353.5303484439,4428468.971619558
441352.3499206758,4428470.867691182
441358.5680240698,4428469.154780401
441367.0967128578,4428468.201053413
441376.4840891264,4428467.906708388
441386.1915072318,4428464.83495167
441394.7901677888,4428461.882747523
441402.1008086282,4428457.941490132
441411.64437694475,4428455.759014772
441422.46828293096,4428453.566692407
441435.1017504219,4428453.580419757
441447.8496191389,4428457.367228872
441459.5791888781,4428461.938883224
441471.69538517646,4428461.290662103
441479.901457303,4428462.781506039
441488.44638638967,4428463.936757599
441499.8993695731,4428465.846642632
441518.8798272048,4428469.807639338
441538.6873744525,4428470.321380927
441560.12690042326,4428472.154615566
441579.6775186197,4428472.559439258
441596.05465085426,4428470.990708729
441614.35986623,4428475.956110803
441634.6094908997,4428478.46467681
441655.4727616031,4428483.077556184
441675.293874297,4428485.3675200455
441692.4425938199,4428484.23707384
441710.555738347,4428486.429222673
441727.9057774203,4428489.293249194
441747.0559076567,4428493.142514041
441769.6338100849,4428498.741558304
441792.8877229505,4428503.447510805
441815.5212003704,4428505.161328444
441833.81260215363,4428508.351389372
441849.8779756856,4428510.6705246
441867.4754837491,4428512.422994082
441886.1936177585,4428515.609919195
441906.5832291761,4428514.1222023545
441925.5158850758,4428511.868675933
441947.75451902865,4428506.593016917
441966.8570669927,4428504.227299315
441986.58673597383,4428505.741782103
442006.0721780644,4428508.812151685
442023.17274563276,4428512.566735562
442037.80646604684,4428517.450134741
442053.5210313082,4428518.551392166
442064.19205781334,4428518.692109324
442067.9603256447,4428509.117572643
442071.3195666205,4428490.666303852
442070.14908262884,4428471.472544045
442068.14955191594,4428455.504043485
442064.1090876814,4428440.550069958
442057.25102382404,4428425.506561065
442052.4541571061,4428412.11232857
442050.1241440371,4428397.589326002
442048.47866348265,4428383.283105833
442043.02089111076,4428372.7798646595
442039.87026483356,4428362.592043294
442039.66144550504,4428346.387912075
442040.4532305036,4428327.068211239
442040.8300740453,4428309.305645677
442042.91321957344,4428291.419083189
442045.59810569114,4428274.082928313
442048.1173627334,4428257.414025241
442050.1202576592,4428240.194066527
442050.5005151461,4428222.875470651
442051.3194023722,4428207.107507188
442051.7748796006,4428188.456362633
442056.1120525349,4428163.892756313
442062.25954350963,4428141.646326487
442071.29660693556,4428117.712930039
442080.5281070684,4428096.886011183
442092.4303428337,4428068.046918442
442094.6497753525,4428045.608423876
442100.51437322807,4428019.812249285
442113.89665407035,4427994.7358666435
442127.4362384773,4427967.8823455265
442146.69933776226,4427941.540318453
442154.7107610279,4427928.6036377875
442171.8930037938,4427920.481169513
442195.62937089085,4427921.077784318
442216.4600747625,4427921.252548099
442233.89570384106,4427924.00609801
442246.9686256697,4427925.571824509
442261.8063337193,4427923.461247982
442278.53968216165,4427923.667276183
442294.50309344544,4427923.657184717
442312.6825326036,4427923.186332704
442334.19863643625,4427923.689215777
442351.74816663685,4427930.216101491
442358.474047248,4427927.834186597
442359.39872673544,4427925.940216366
442361.9296986156,4427933.2469063075
442360.0853858331,4427937.700795738
